num_query:56	num_avg_terms:3.41071428571	num_clicks6:8	num_clicks35:12	num_clicks12:25	
('1046651', '6234595', '14219531', '47234398,4010128')	rank:1	pos:1	terms:2	frequency:0	score:1	aggr:[[0.6538461538461539, 0.11538461538461539, 0.0, 0.07692307692307693, 0.15384615384615385, 0.3417606837606838, 0.07819230769230769, 0.2224230769230769], [0.8, 0.0, 0.0, 0.0, 0.2, 0.4566, 0.0566, 0.2566], [1.0, 0.0, 0.0, 0.0, 0.0, 0.283, 0.283, 0.283], [1.0, 0.0, 0.0, 0.0, 0.0, 0.283, 0.283, 0.283], [0.6538461538461539, 0.11538461538461539, 0.0, 0.07692307692307693, 0.15384615384615385, 0.3417606837606838, 0.07819230769230769, 0.2224230769230769], [0.8, 0.0, 0.0, 0.0, 0.2, 0.4566, 0.0566, 0.2566], [1.0, 0.0, 0.0, 0.0, 0.0, 0.283, 0.283, 0.283], [1.0, 0.0, 0.0, 0.0, 0.0, 0.283, 0.283, 0.283]]	
('1046651', '6234595', '14219531', '63415320,4843546')	rank:2	pos:1	terms:2	frequency:0	score:1	aggr:[[1.0, 0.0, 0.0, 0.0, 0.0, 0.21896428571428572, 0.07075, 0.07075], [1.0, 0.0, 0.0, 0.0, 0.0, 0.20861904761904762, 0.09433333333333332, 0.09433333333333332], [1.0, 0.0, 0.0, 0.0, 0.0, 0.283, 0.283, 0.283], [1.0, 0.0, 0.0, 0.0, 0.0, 0.283, 0.283, 0.283], [1.0, 0.0, 0.0, 0.0, 0.0, 0.21896428571428572, 0.07075, 0.07075], [1.0, 0.0, 0.0, 0.0, 0.0, 0.20861904761904762, 0.09433333333333332, 0.09433333333333332], [1.0, 0.0, 0.0, 0.0, 0.0, 0.283, 0.283, 0.283], [1.0, 0.0, 0.0, 0.0, 0.0, 0.283, 0.283, 0.283]]	
('1046651', '6234595', '14219531', '58655207,4598966')	rank:3	pos:1	terms:2	frequency:0	score:1	aggr:[[1.0, 0.0, 0.0, 0.0, 0.0, 0.198037037037037, 0.09433333333333332, 0.09433333333333332], [1.0, 0.0, 0.0, 0.0, 0.0, 0.283, 0.283, 0.283], [1.0, 0.0, 0.0, 0.0, 0.0, 0.283, 0.283, 0.283], [1.0, 0.0, 0.0, 0.0, 0.0, 0.283, 0.283, 0.283], [1.0, 0.0, 0.0, 0.0, 0.0, 0.198037037037037, 0.09433333333333332, 0.09433333333333332], [1.0, 0.0, 0.0, 0.0, 0.0, 0.283, 0.283, 0.283], [1.0, 0.0, 0.0, 0.0, 0.0, 0.283, 0.283, 0.283], [1.0, 0.0, 0.0, 0.0, 0.0, 0.283, 0.283, 0.283]]	
('1046651', '6234595', '14219531', '25831846,2586750')	rank:4	pos:1	terms:2	frequency:0	score:1	aggr:[[0.6956521739130435, 0.0, 0.0, 0.0, 0.30434782608695654, 0.16037198067632855, 0.012304347826086956, 0.31665217391304346], [1.0, 0.0, 0.0, 0.0, 0.0, 0.2415, 0.1415, 0.1415], [1.0, 0.0, 0.0, 0.0, 0.0, 0.283, 0.283, 0.283], [1.0, 0.0, 0.0, 0.0, 0.0, 0.283, 0.283, 0.283], [0.6956521739130435, 0.0, 0.0, 0.0, 0.30434782608695654, 0.16037198067632855, 0.012304347826086956, 0.31665217391304346], [1.0, 0.0, 0.0, 0.0, 0.0, 0.2415, 0.1415, 0.1415], [1.0, 0.0, 0.0, 0.0, 0.0, 0.283, 0.283, 0.283], [1.0, 0.0, 0.0, 0.0, 0.0, 0.283, 0.283, 0.283]]	
('1046651', '6234595', '14219531', '48233607,4077200')	rank:5	pos:1	terms:2	frequency:0	score:1	aggr:[[0.9047619047619048, 0.047619047619047616, 0.0, 0.0, 0.047619047619047616, 0.17951927437641726, 0.02141269841269841, 0.023], [1.0, 0.0, 0.0, 0.0, 0.0, 0.30816666666666664, 0.1415, 0.1415], [1.0, 0.0, 0.0, 0.0, 0.0, 0.283, 0.283, 0.283], [1.0, 0.0, 0.0, 0.0, 0.0, 0.283, 0.283, 0.283], [0.9047619047619048, 0.047619047619047616, 0.0, 0.0, 0.047619047619047616, 0.17951927437641726, 0.02141269841269841, 0.023], [1.0, 0.0, 0.0, 0.0, 0.0, 0.30816666666666664, 0.1415, 0.1415], [1.0, 0.0, 0.0, 0.0, 0.0, 0.283, 0.283, 0.283], [1.0, 0.0, 0.0, 0.0, 0.0, 0.283, 0.283, 0.283]]	
('1046651', '6234595', '14219531', '46983718,3993261')	rank:6	pos:1	terms:2	frequency:0	score:1	aggr:[[1.0, 0.0, 0.0, 0.0, 0.0, 0.18717283950617283, 0.01572222222222222, 0.01572222222222222], [1.0, 0.0, 0.0, 0.0, 0.0, 0.283, 0.283, 0.283], [1.0, 0.0, 0.0, 0.0, 0.0, 0.283, 0.283, 0.283], [1.0, 0.0, 0.0, 0.0, 0.0, 0.283, 0.283, 0.283], [1.0, 0.0, 0.0, 0.0, 0.0, 0.18717283950617283, 0.01572222222222222, 0.01572222222222222], [1.0, 0.0, 0.0, 0.0, 0.0, 0.283, 0.283, 0.283], [1.0, 0.0, 0.0, 0.0, 0.0, 0.283, 0.283, 0.283], [1.0, 0.0, 0.0, 0.0, 0.0, 0.283, 0.283, 0.283]]	
('1046651', '6234595', '14219531', '23483863,2363120')	rank:7	pos:1	terms:2	frequency:0	score:1	aggr:[[1.0, 0.0, 0.0, 0.0, 0.0, 0.1915, 0.1415, 0.1415], [1.0, 0.0, 0.0, 0.0, 0.0, 0.1915, 0.1415, 0.1415], [1.0, 0.0, 0.0, 0.0, 0.0, 0.283, 0.283, 0.283], [1.0, 0.0, 0.0, 0.0, 0.0, 0.283, 0.283, 0.283], [1.0, 0.0, 0.0, 0.0, 0.0, 0.1915, 0.1415, 0.1415], [1.0, 0.0, 0.0, 0.0, 0.0, 0.1915, 0.1415, 0.1415], [1.0, 0.0, 0.0, 0.0, 0.0, 0.283, 0.283, 0.283], [1.0, 0.0, 0.0, 0.0, 0.0, 0.283, 0.283, 0.283]]	
('1046651', '6234595', '14219531', '23492412,2363287')	rank:8	pos:1	terms:2	frequency:0	score:1	aggr:[[0.8620689655172413, 0.10344827586206896, 0.0, 0.034482758620689655, 0.0, 0.416367816091954, 0.07297701149425287, 0.044241379310344824], [1.0, 0.0, 0.0, 0.0, 0.0, 0.4693333333333333, 0.09433333333333332, 0.09433333333333332], [1.0, 0.0, 0.0, 0.0, 0.0, 0.283, 0.283, 0.283], [1.0, 0.0, 0.0, 0.0, 0.0, 0.283, 0.283, 0.283], [0.8620689655172413, 0.10344827586206896, 0.0, 0.034482758620689655, 0.0, 0.416367816091954, 0.07297701149425287, 0.044241379310344824], [1.0, 0.0, 0.0, 0.0, 0.0, 0.4693333333333333, 0.09433333333333332, 0.09433333333333332], [1.0, 0.0, 0.0, 0.0, 0.0, 0.283, 0.283, 0.283], [1.0, 0.0, 0.0, 0.0, 0.0, 0.283, 0.283, 0.283]]	
('1046651', '6234595', '14219531', '23487873,2363164')	rank:9	pos:1	terms:2	frequency:0	score:1	aggr:[[1.0, 0.0, 0.0, 0.0, 0.0, 0.16689384920634923, 0.0176875, 0.0176875], [1.0, 0.0, 0.0, 0.0, 0.0, 0.19155555555555556, 0.09433333333333332, 0.09433333333333332], [1.0, 0.0, 0.0, 0.0, 0.0, 0.283, 0.283, 0.283], [1.0, 0.0, 0.0, 0.0, 0.0, 0.283, 0.283, 0.283], [1.0, 0.0, 0.0, 0.0, 0.0, 0.16689384920634923, 0.0176875, 0.0176875], [1.0, 0.0, 0.0, 0.0, 0.0, 0.19155555555555556, 0.09433333333333332, 0.09433333333333332], [1.0, 0.0, 0.0, 0.0, 0.0, 0.283, 0.283, 0.283], [1.0, 0.0, 0.0, 0.0, 0.0, 0.283, 0.283, 0.283]]	
('1046651', '6234595', '14219531', '605469,89959')	rank:10	pos:1	terms:2	frequency:0	score:1	aggr:[[1.0, 0.0, 0.0, 0.0, 0.0, 0.16102777777777777, 0.07075, 0.07075], [1.0, 0.0, 0.0, 0.0, 0.0, 0.283, 0.283, 0.283], [1.0, 0.0, 0.0, 0.0, 0.0, 0.283, 0.283, 0.283], [1.0, 0.0, 0.0, 0.0, 0.0, 0.283, 0.283, 0.283], [1.0, 0.0, 0.0, 0.0, 0.0, 0.16102777777777777, 0.07075, 0.07075], [1.0, 0.0, 0.0, 0.0, 0.0, 0.283, 0.283, 0.283], [1.0, 0.0, 0.0, 0.0, 0.0, 0.283, 0.283, 0.283], [1.0, 0.0, 0.0, 0.0, 0.0, 0.283, 0.283, 0.283]]	
('1046651', '6234597', '5788363', '50154703,4199935')	rank:1	pos:1	terms:4	frequency:0	score:5	aggr:[[0.5714285714285714, 0.0, 0.0, 0.0, 0.42857142857142855, 0.3261428571428571, 0.040428571428571425, 0.3737619047619048], [1.0, 0.0, 0.0, 0.0, 0.0, 0.283, 0.283, 0.283], [1.0, 0.0, 0.0, 0.0, 0.0, 0.283, 0.283, 0.283], [1.0, 0.0, 0.0, 0.0, 0.0, 0.283, 0.283, 0.283], [0.5714285714285714, 0.0, 0.0, 0.0, 0.42857142857142855, 0.3261428571428571, 0.040428571428571425, 0.3737619047619048], [1.0, 0.0, 0.0, 0.0, 0.0, 0.283, 0.283, 0.283], [1.0, 0.0, 0.0, 0.0, 0.0, 0.283, 0.283, 0.283], [1.0, 0.0, 0.0, 0.0, 0.0, 0.283, 0.283, 0.283]]	
('1046651', '6234597', '5788363', '37217066,3442758')	rank:2	pos:1	terms:4	frequency:0	score:1	aggr:[[0.8181818181818182, 0.07272727272727272, 0.01818181818181818, 0.0, 0.09090909090909091, 0.145621645021645, 0.037569696969696975, 0.08393333333333333], [1.0, 0.0, 0.0, 0.0, 0.0, 0.283, 0.283, 0.283], [1.0, 0.0, 0.0, 0.0, 0.0, 0.283, 0.283, 0.283], [1.0, 0.0, 0.0, 0.0, 0.0, 0.283, 0.283, 0.283], [0.8181818181818182, 0.07272727272727272, 0.01818181818181818, 0.0, 0.09090909090909091, 0.145621645021645, 0.037569696969696975, 0.08393333333333333], [1.0, 0.0, 0.0, 0.0, 0.0, 0.283, 0.283, 0.283], [1.0, 0.0, 0.0, 0.0, 0.0, 0.283, 0.283, 0.283], [1.0, 0.0, 0.0, 0.0, 0.0, 0.283, 0.283, 0.283]]	
('1046651', '6234597', '5788363', '50429879,4216898')	rank:3	pos:1	terms:4	frequency:0	score:1	aggr:[[0.8571428571428571, 0.07142857142857142, 0.0, 0.0, 0.07142857142857142, 0.3044948979591836, 0.08153571428571428, 0.06367857142857143], [1.0, 0.0, 0.0, 0.0, 0.0, 0.283, 0.283, 0.283], [1.0, 0.0, 0.0, 0.0, 0.0, 0.283, 0.283, 0.283], [1.0, 0.0, 0.0, 0.0, 0.0, 0.283, 0.283, 0.283], [0.8571428571428571, 0.07142857142857142, 0.0, 0.0, 0.07142857142857142, 0.3044948979591836, 0.08153571428571428, 0.06367857142857143], [1.0, 0.0, 0.0, 0.0, 0.0, 0.283, 0.283, 0.283], [1.0, 0.0, 0.0, 0.0, 0.0, 0.283, 0.283, 0.283], [1.0, 0.0, 0.0, 0.0, 0.0, 0.283, 0.283, 0.283]]	
('1046651', '6234597', '5788363', '2306861,342656')	rank:4	pos:1	terms:4	frequency:0	score:1	aggr:[[1.0, 0.0, 0.0, 0.0, 0.0, 0.283, 0.283, 0.283], [1.0, 0.0, 0.0, 0.0, 0.0, 0.283, 0.283, 0.283], [1.0, 0.0, 0.0, 0.0, 0.0, 0.283, 0.283, 0.283], [1.0, 0.0, 0.0, 0.0, 0.0, 0.283, 0.283, 0.283], [1.0, 0.0, 0.0, 0.0, 0.0, 0.283, 0.283, 0.283], [1.0, 0.0, 0.0, 0.0, 0.0, 0.283, 0.283, 0.283], [1.0, 0.0, 0.0, 0.0, 0.0, 0.283, 0.283, 0.283], [1.0, 0.0, 0.0, 0.0, 0.0, 0.283, 0.283, 0.283]]	
('1046651', '6234597', '5788363', '50426931,4216896')	rank:5	pos:1	terms:4	frequency:0	score:1	aggr:[[1.0, 0.0, 0.0, 0.0, 0.0, 0.14852777777777776, 0.07075, 0.07075], [1.0, 0.0, 0.0, 0.0, 0.0, 0.283, 0.283, 0.283], [1.0, 0.0, 0.0, 0.0, 0.0, 0.283, 0.283, 0.283], [1.0, 0.0, 0.0, 0.0, 0.0, 0.283, 0.283, 0.283], [1.0, 0.0, 0.0, 0.0, 0.0, 0.14852777777777776, 0.07075, 0.07075], [1.0, 0.0, 0.0, 0.0, 0.0, 0.283, 0.283, 0.283], [1.0, 0.0, 0.0, 0.0, 0.0, 0.283, 0.283, 0.283], [1.0, 0.0, 0.0, 0.0, 0.0, 0.283, 0.283, 0.283]]	
('1046651', '6234597', '5788363', '50414620,4216805')	rank:6	pos:1	terms:4	frequency:0	score:1	aggr:[[0.9333333333333333, 0.06666666666666667, 0.0, 0.0, 0.0, 0.1635756613756614, 0.0322, 0.018866666666666664], [1.0, 0.0, 0.0, 0.0, 0.0, 0.283, 0.283, 0.283], [1.0, 0.0, 0.0, 0.0, 0.0, 0.283, 0.283, 0.283], [1.0, 0.0, 0.0, 0.0, 0.0, 0.283, 0.283, 0.283], [0.9333333333333333, 0.06666666666666667, 0.0, 0.0, 0.0, 0.1635756613756614, 0.0322, 0.018866666666666664], [1.0, 0.0, 0.0, 0.0, 0.0, 0.283, 0.283, 0.283], [1.0, 0.0, 0.0, 0.0, 0.0, 0.283, 0.283, 0.283], [1.0, 0.0, 0.0, 0.0, 0.0, 0.283, 0.283, 0.283]]	
('1046651', '6234597', '5788363', '29582011,2865896')	rank:7	pos:1	terms:4	frequency:0	score:1	aggr:[[1.0, 0.0, 0.0, 0.0, 0.0, 0.17302164502164502, 0.025727272727272724, 0.025727272727272724], [1.0, 0.0, 0.0, 0.0, 0.0, 0.283, 0.283, 0.283], [1.0, 0.0, 0.0, 0.0, 0.0, 0.283, 0.283, 0.283], [1.0, 0.0, 0.0, 0.0, 0.0, 0.283, 0.283, 0.283], [1.0, 0.0, 0.0, 0.0, 0.0, 0.17302164502164502, 0.025727272727272724, 0.025727272727272724], [1.0, 0.0, 0.0, 0.0, 0.0, 0.283, 0.283, 0.283], [1.0, 0.0, 0.0, 0.0, 0.0, 0.283, 0.283, 0.283], [1.0, 0.0, 0.0, 0.0, 0.0, 0.283, 0.283, 0.283]]	
('1046651', '6234597', '5788363', '23009624,2312697')	rank:8	pos:1	terms:4	frequency:0	score:1	aggr:[[0.8974358974358975, 0.05128205128205128, 0.02564102564102564, 0.0, 0.02564102564102564, 0.2428070818070817, 0.021485347985347982, 0.033664835164835163], [1.0, 0.0, 0.0, 0.0, 0.0, 0.283, 0.283, 0.283], [1.0, 0.0, 0.0, 0.0, 0.0, 0.283, 0.283, 0.283], [1.0, 0.0, 0.0, 0.0, 0.0, 0.283, 0.283, 0.283], [0.8974358974358975, 0.05128205128205128, 0.02564102564102564, 0.0, 0.02564102564102564, 0.2428070818070817, 0.021485347985347982, 0.033664835164835163], [1.0, 0.0, 0.0, 0.0, 0.0, 0.283, 0.283, 0.283], [1.0, 0.0, 0.0, 0.0, 0.0, 0.283, 0.283, 0.283], [1.0, 0.0, 0.0, 0.0, 0.0, 0.283, 0.283, 0.283]]	
('1046651', '6234597', '5788363', '57262915,4526067')	rank:9	pos:1	terms:4	frequency:0	score:1	aggr:[[0.8333333333333334, 0.16666666666666666, 0.0, 0.0, 0.0, 0.1134973544973545, 0.07913888888888888, 0.02358333333333333], [1.0, 0.0, 0.0, 0.0, 0.0, 0.283, 0.283, 0.283], [1.0, 0.0, 0.0, 0.0, 0.0, 0.283, 0.283, 0.283], [1.0, 0.0, 0.0, 0.0, 0.0, 0.283, 0.283, 0.283], [0.8333333333333334, 0.16666666666666666, 0.0, 0.0, 0.0, 0.1134973544973545, 0.07913888888888888, 0.02358333333333333], [1.0, 0.0, 0.0, 0.0, 0.0, 0.283, 0.283, 0.283], [1.0, 0.0, 0.0, 0.0, 0.0, 0.283, 0.283, 0.283], [1.0, 0.0, 0.0, 0.0, 0.0, 0.283, 0.283, 0.283]]	
('1046651', '6234597', '5788363', '50461704,4217188')	rank:10	pos:1	terms:4	frequency:0	score:1	aggr:[[0.9130434782608695, 0.0, 0.0, 0.0, 0.08695652173913043, 0.16758385093167705, 0.012304347826086956, 0.07752173913043478], [1.0, 0.0, 0.0, 0.0, 0.0, 0.283, 0.283, 0.283], [1.0, 0.0, 0.0, 0.0, 0.0, 0.283, 0.283, 0.283], [1.0, 0.0, 0.0, 0.0, 0.0, 0.283, 0.283, 0.283], [0.9130434782608695, 0.0, 0.0, 0.0, 0.08695652173913043, 0.16758385093167705, 0.012304347826086956, 0.07752173913043478], [1.0, 0.0, 0.0, 0.0, 0.0, 0.283, 0.283, 0.283], [1.0, 0.0, 0.0, 0.0, 0.0, 0.283, 0.283, 0.283], [1.0, 0.0, 0.0, 0.0, 0.0, 0.283, 0.283, 0.283]]	
('1046651', '6234602', '18838300', '30792364,3008240')	rank:1	pos:1	terms:3	frequency:0	score:1	aggr:[[1.0, 0.0, 0.0, 0.0, 0.0, 0.2129285714285714, 0.1415, 0.1415], [1.0, 0.0, 0.0, 0.0, 0.0, 0.283, 0.283, 0.283], [1.0, 0.0, 0.0, 0.0, 0.0, 0.283, 0.283, 0.283], [1.0, 0.0, 0.0, 0.0, 0.0, 0.283, 0.283, 0.283], [1.0, 0.0, 0.0, 0.0, 0.0, 0.2129285714285714, 0.1415, 0.1415], [1.0, 0.0, 0.0, 0.0, 0.0, 0.283, 0.283, 0.283], [1.0, 0.0, 0.0, 0.0, 0.0, 0.283, 0.283, 0.283], [1.0, 0.0, 0.0, 0.0, 0.0, 0.283, 0.283, 0.283]]	
('1046651', '6234602', '18838300', '18458715,1938941')	rank:2	pos:1	terms:3	frequency:0	score:1	aggr:[[1.0, 0.0, 0.0, 0.0, 0.0, 0.26649999999999996, 0.1415, 0.1415], [1.0, 0.0, 0.0, 0.0, 0.0, 0.283, 0.283, 0.283], [1.0, 0.0, 0.0, 0.0, 0.0, 0.283, 0.283, 0.283], [1.0, 0.0, 0.0, 0.0, 0.0, 0.283, 0.283, 0.283], [1.0, 0.0, 0.0, 0.0, 0.0, 0.26649999999999996, 0.1415, 0.1415], [1.0, 0.0, 0.0, 0.0, 0.0, 0.283, 0.283, 0.283], [1.0, 0.0, 0.0, 0.0, 0.0, 0.283, 0.283, 0.283], [1.0, 0.0, 0.0, 0.0, 0.0, 0.283, 0.283, 0.283]]	
('1046651', '6234602', '18838300', '14557457,1493890')	rank:3	pos:1	terms:3	frequency:0	score:1	aggr:[[1.0, 0.0, 0.0, 0.0, 0.0, 0.19705555555555554, 0.1415, 0.1415], [1.0, 0.0, 0.0, 0.0, 0.0, 0.283, 0.283, 0.283], [1.0, 0.0, 0.0, 0.0, 0.0, 0.283, 0.283, 0.283], [1.0, 0.0, 0.0, 0.0, 0.0, 0.283, 0.283, 0.283], [1.0, 0.0, 0.0, 0.0, 0.0, 0.19705555555555554, 0.1415, 0.1415], [1.0, 0.0, 0.0, 0.0, 0.0, 0.283, 0.283, 0.283], [1.0, 0.0, 0.0, 0.0, 0.0, 0.283, 0.283, 0.283], [1.0, 0.0, 0.0, 0.0, 0.0, 0.283, 0.283, 0.283]]	
('1046651', '6234602', '18838300', '22454073,2254602')	rank:4	pos:1	terms:3	frequency:0	score:1	aggr:[[0.75, 0.08333333333333333, 0.0, 0.0, 0.16666666666666666, 0.20645370370370375, 0.05136111111111111, 0.06524999999999999], [1.0, 0.0, 0.0, 0.0, 0.0, 0.283, 0.283, 0.283], [1.0, 0.0, 0.0, 0.0, 0.0, 0.283, 0.283, 0.283], [1.0, 0.0, 0.0, 0.0, 0.0, 0.283, 0.283, 0.283], [0.75, 0.08333333333333333, 0.0, 0.0, 0.16666666666666666, 0.20645370370370375, 0.05136111111111111, 0.06524999999999999], [1.0, 0.0, 0.0, 0.0, 0.0, 0.283, 0.283, 0.283], [1.0, 0.0, 0.0, 0.0, 0.0, 0.283, 0.283, 0.283], [1.0, 0.0, 0.0, 0.0, 0.0, 0.283, 0.283, 0.283]]	
('1046651', '6234602', '18838300', '47077264,3998932')	rank:5	pos:1	terms:3	frequency:0	score:1	aggr:[[0.9411764705882353, 0.0, 0.0, 0.0, 0.058823529411764705, 0.23494771241830067, 0.01664705882352941, 0.07547058823529411], [1.0, 0.0, 0.0, 0.0, 0.0, 0.283, 0.283, 0.283], [1.0, 0.0, 0.0, 0.0, 0.0, 0.283, 0.283, 0.283], [1.0, 0.0, 0.0, 0.0, 0.0, 0.283, 0.283, 0.283], [0.9411764705882353, 0.0, 0.0, 0.0, 0.058823529411764705, 0.23494771241830067, 0.01664705882352941, 0.07547058823529411], [1.0, 0.0, 0.0, 0.0, 0.0, 0.283, 0.283, 0.283], [1.0, 0.0, 0.0, 0.0, 0.0, 0.283, 0.283, 0.283], [1.0, 0.0, 0.0, 0.0, 0.0, 0.283, 0.283, 0.283]]	
('1046651', '6234602', '18838300', '16121635,1684013')	rank:6	pos:1	terms:3	frequency:0	score:1	aggr:[[1.0, 0.0, 0.0, 0.0, 0.0, 0.283, 0.283, 0.283], [1.0, 0.0, 0.0, 0.0, 0.0, 0.283, 0.283, 0.283], [1.0, 0.0, 0.0, 0.0, 0.0, 0.283, 0.283, 0.283], [1.0, 0.0, 0.0, 0.0, 0.0, 0.283, 0.283, 0.283], [1.0, 0.0, 0.0, 0.0, 0.0, 0.283, 0.283, 0.283], [1.0, 0.0, 0.0, 0.0, 0.0, 0.283, 0.283, 0.283], [1.0, 0.0, 0.0, 0.0, 0.0, 0.283, 0.283, 0.283], [1.0, 0.0, 0.0, 0.0, 0.0, 0.283, 0.283, 0.283]]	
('1046651', '6234602', '18838300', '22158491,2254454')	rank:7	pos:1	terms:3	frequency:0	score:1	aggr:[[0.813953488372093, 0.06976744186046512, 0.0, 0.03488372093023256, 0.08139534883720931, 0.16539387227759306, 0.04592635658914729, 0.042922480620155044], [1.0, 0.0, 0.0, 0.0, 0.0, 0.283, 0.283, 0.283], [1.0, 0.0, 0.0, 0.0, 0.0, 0.283, 0.283, 0.283], [1.0, 0.0, 0.0, 0.0, 0.0, 0.283, 0.283, 0.283], [0.813953488372093, 0.06976744186046512, 0.0, 0.03488372093023256, 0.08139534883720931, 0.16539387227759306, 0.04592635658914729, 0.042922480620155044], [1.0, 0.0, 0.0, 0.0, 0.0, 0.283, 0.283, 0.283], [1.0, 0.0, 0.0, 0.0, 0.0, 0.283, 0.283, 0.283], [1.0, 0.0, 0.0, 0.0, 0.0, 0.283, 0.283, 0.283]]	
('1046651', '6234602', '18838300', '59344766,4631456')	rank:8	pos:1	terms:3	frequency:0	score:1	aggr:[[1.0, 0.0, 0.0, 0.0, 0.0, 0.283, 0.283, 0.283], [1.0, 0.0, 0.0, 0.0, 0.0, 0.283, 0.283, 0.283], [1.0, 0.0, 0.0, 0.0, 0.0, 0.283, 0.283, 0.283], [1.0, 0.0, 0.0, 0.0, 0.0, 0.283, 0.283, 0.283], [1.0, 0.0, 0.0, 0.0, 0.0, 0.283, 0.283, 0.283], [1.0, 0.0, 0.0, 0.0, 0.0, 0.283, 0.283, 0.283], [1.0, 0.0, 0.0, 0.0, 0.0, 0.283, 0.283, 0.283], [1.0, 0.0, 0.0, 0.0, 0.0, 0.283, 0.283, 0.283]]	
('1046651', '6234602', '18838300', '31709961,3101031')	rank:9	pos:1	terms:3	frequency:0	score:1	aggr:[[1.0, 0.0, 0.0, 0.0, 0.0, 0.21702698412698412, 0.01415, 0.01415], [1.0, 0.0, 0.0, 0.0, 0.0, 0.283, 0.283, 0.283], [1.0, 0.0, 0.0, 0.0, 0.0, 0.283, 0.283, 0.283], [1.0, 0.0, 0.0, 0.0, 0.0, 0.283, 0.283, 0.283], [1.0, 0.0, 0.0, 0.0, 0.0, 0.21702698412698412, 0.01415, 0.01415], [1.0, 0.0, 0.0, 0.0, 0.0, 0.283, 0.283, 0.283], [1.0, 0.0, 0.0, 0.0, 0.0, 0.283, 0.283, 0.283], [1.0, 0.0, 0.0, 0.0, 0.0, 0.283, 0.283, 0.283]]	
('1046651', '6234602', '18838300', '26358666,2597528')	rank:10	pos:1	terms:3	frequency:0	score:1	aggr:[[0.8227513227513228, 0.07539682539682539, 0.006613756613756613, 0.015873015873015872, 0.07936507936507936, 0.2853878810783567, 0.04387920970857478, 0.07144230284706476], [1.0, 0.0, 0.0, 0.0, 0.0, 0.283, 0.283, 0.283], [1.0, 0.0, 0.0, 0.0, 0.0, 0.283, 0.283, 0.283], [1.0, 0.0, 0.0, 0.0, 0.0, 0.283, 0.283, 0.283], [0.8227513227513228, 0.07539682539682539, 0.006613756613756613, 0.015873015873015872, 0.07936507936507936, 0.2853878810783567, 0.04387920970857478, 0.07144230284706476], [1.0, 0.0, 0.0, 0.0, 0.0, 0.283, 0.283, 0.283], [1.0, 0.0, 0.0, 0.0, 0.0, 0.283, 0.283, 0.283], [1.0, 0.0, 0.0, 0.0, 0.0, 0.283, 0.283, 0.283]]	
('1046651', '6234602', '18280784', '63501165,4848507')	rank:1	pos:2	terms:2	frequency:1	score:5	aggr:[[0.6, 0.0, 0.0, 0.2, 0.2, 0.2566, 0.0566, 0.4566], [0.3333333333333333, 0.0, 0.0, 0.3333333333333333, 0.3333333333333333, 0.09433333333333332, 0.09433333333333332, 0.761], [0.6666666666666666, 0.0, 0.0, 0.0, 0.3333333333333333, 0.26099999999999995, 0.09433333333333332, 0.42766666666666664], [0.5, 0.0, 0.0, 0.0, 0.5, 0.1415, 0.1415, 0.6415], [0.6, 0.0, 0.0, 0.2, 0.2, 0.2566, 0.0566, 0.4566], [0.3333333333333333, 0.0, 0.0, 0.3333333333333333, 0.3333333333333333, 0.09433333333333332, 0.09433333333333332, 0.761], [0.6666666666666666, 0.0, 0.0, 0.0, 0.3333333333333333, 0.26099999999999995, 0.09433333333333332, 0.42766666666666664], [0.5, 0.0, 0.0, 0.0, 0.5, 0.1415, 0.1415, 0.6415]]	
('1046651', '6234602', '18280784', '63501332,4848507')	rank:2	pos:2	terms:2	frequency:1	score:1	aggr:[[0.6, 0.0, 0.0, 0.2, 0.2, 0.2566, 0.0566, 0.4566], [1.0, 0.0, 0.0, 0.0, 0.0, 0.42766666666666664, 0.09433333333333332, 0.09433333333333332], [0.6666666666666666, 0.0, 0.0, 0.0, 0.3333333333333333, 0.26099999999999995, 0.09433333333333332, 0.42766666666666664], [1.0, 0.0, 0.0, 0.0, 0.0, 0.39149999999999996, 0.1415, 0.1415], [0.6, 0.0, 0.0, 0.2, 0.2, 0.2566, 0.0566, 0.4566], [1.0, 0.0, 0.0, 0.0, 0.0, 0.42766666666666664, 0.09433333333333332, 0.09433333333333332], [0.6666666666666666, 0.0, 0.0, 0.0, 0.3333333333333333, 0.26099999999999995, 0.09433333333333332, 0.42766666666666664], [1.0, 0.0, 0.0, 0.0, 0.0, 0.39149999999999996, 0.1415, 0.1415]]	
('1046651', '6234602', '18280784', '63501387,4848507')	rank:3	pos:2	terms:2	frequency:1	score:1	aggr:[[0.6, 0.0, 0.0, 0.2, 0.2, 0.2566, 0.0566, 0.4566], [1.0, 0.0, 0.0, 0.0, 0.0, 0.283, 0.283, 0.283], [0.6666666666666666, 0.0, 0.0, 0.0, 0.3333333333333333, 0.26099999999999995, 0.09433333333333332, 0.42766666666666664], [1.0, 0.0, 0.0, 0.0, 0.0, 0.283, 0.283, 0.283], [0.6, 0.0, 0.0, 0.2, 0.2, 0.2566, 0.0566, 0.4566], [1.0, 0.0, 0.0, 0.0, 0.0, 0.283, 0.283, 0.283], [0.6666666666666666, 0.0, 0.0, 0.0, 0.3333333333333333, 0.26099999999999995, 0.09433333333333332, 0.42766666666666664], [1.0, 0.0, 0.0, 0.0, 0.0, 0.283, 0.283, 0.283]]	
('1046651', '6234602', '18280784', '34331219,3279130')	rank:4	pos:2	terms:2	frequency:1	score:1	aggr:[[0.7880184331797235, 0.04608294930875576, 0.018433179723502304, 0.013824884792626729, 0.1336405529953917, 0.24073067076292906, 0.026572964669738863, 0.14757910906298], [1.0, 0.0, 0.0, 0.0, 0.0, 0.30816666666666664, 0.1415, 0.1415], [1.0, 0.0, 0.0, 0.0, 0.0, 0.30816666666666664, 0.1415, 0.1415], [1.0, 0.0, 0.0, 0.0, 0.0, 0.30816666666666664, 0.1415, 0.1415], [0.7880184331797235, 0.04608294930875576, 0.018433179723502304, 0.013824884792626729, 0.1336405529953917, 0.24073067076292906, 0.026572964669738863, 0.14757910906298], [1.0, 0.0, 0.0, 0.0, 0.0, 0.30816666666666664, 0.1415, 0.1415], [1.0, 0.0, 0.0, 0.0, 0.0, 0.30816666666666664, 0.1415, 0.1415], [1.0, 0.0, 0.0, 0.0, 0.0, 0.30816666666666664, 0.1415, 0.1415]]	
('1046651', '6234602', '18280784', '29627536,2872595')	rank:5	pos:2	terms:2	frequency:1	score:1	aggr:[[0.75, 0.0, 0.0, 0.0, 0.25, 0.19574999999999998, 0.07075, 0.32075], [0.75, 0.0, 0.0, 0.0, 0.25, 0.19574999999999998, 0.07075, 0.32075], [1.0, 0.0, 0.0, 0.0, 0.0, 0.26649999999999996, 0.1415, 0.1415], [1.0, 0.0, 0.0, 0.0, 0.0, 0.26649999999999996, 0.1415, 0.1415], [0.75, 0.0, 0.0, 0.0, 0.25, 0.19574999999999998, 0.07075, 0.32075], [0.75, 0.0, 0.0, 0.0, 0.25, 0.19574999999999998, 0.07075, 0.32075], [1.0, 0.0, 0.0, 0.0, 0.0, 0.26649999999999996, 0.1415, 0.1415], [1.0, 0.0, 0.0, 0.0, 0.0, 0.26649999999999996, 0.1415, 0.1415]]	
('1046651', '6234602', '18280784', '11693262,1161712')	rank:6	pos:2	terms:2	frequency:1	score:1	aggr:[[1.0, 0.0, 0.0, 0.0, 0.0, 0.22483333333333333, 0.1415, 0.1415], [1.0, 0.0, 0.0, 0.0, 0.0, 0.22483333333333333, 0.1415, 0.1415], [1.0, 0.0, 0.0, 0.0, 0.0, 0.22483333333333333, 0.1415, 0.1415], [1.0, 0.0, 0.0, 0.0, 0.0, 0.22483333333333333, 0.1415, 0.1415], [1.0, 0.0, 0.0, 0.0, 0.0, 0.22483333333333333, 0.1415, 0.1415], [1.0, 0.0, 0.0, 0.0, 0.0, 0.22483333333333333, 0.1415, 0.1415], [1.0, 0.0, 0.0, 0.0, 0.0, 0.22483333333333333, 0.1415, 0.1415], [1.0, 0.0, 0.0, 0.0, 0.0, 0.22483333333333333, 0.1415, 0.1415]]	
('1046651', '6234602', '18280784', '4940880,648015')	rank:7	pos:2	terms:2	frequency:1	score:1	aggr:[[1.0, 0.0, 0.0, 0.0, 0.0, 0.24597619047619046, 0.04716666666666666, 0.04716666666666666], [1.0, 0.0, 0.0, 0.0, 0.0, 0.2129285714285714, 0.1415, 0.1415], [1.0, 0.0, 0.0, 0.0, 0.0, 0.2129285714285714, 0.1415, 0.1415], [1.0, 0.0, 0.0, 0.0, 0.0, 0.2129285714285714, 0.1415, 0.1415], [1.0, 0.0, 0.0, 0.0, 0.0, 0.24597619047619046, 0.04716666666666666, 0.04716666666666666], [1.0, 0.0, 0.0, 0.0, 0.0, 0.2129285714285714, 0.1415, 0.1415], [1.0, 0.0, 0.0, 0.0, 0.0, 0.2129285714285714, 0.1415, 0.1415], [1.0, 0.0, 0.0, 0.0, 0.0, 0.2129285714285714, 0.1415, 0.1415]]	
('1046651', '6234602', '18280784', '63500799,4848501')	rank:8	pos:2	terms:2	frequency:1	score:1	aggr:[[1.0, 0.0, 0.0, 0.0, 0.0, 0.204, 0.1415, 0.1415], [1.0, 0.0, 0.0, 0.0, 0.0, 0.204, 0.1415, 0.1415], [1.0, 0.0, 0.0, 0.0, 0.0, 0.204, 0.1415, 0.1415], [1.0, 0.0, 0.0, 0.0, 0.0, 0.204, 0.1415, 0.1415], [1.0, 0.0, 0.0, 0.0, 0.0, 0.204, 0.1415, 0.1415], [1.0, 0.0, 0.0, 0.0, 0.0, 0.204, 0.1415, 0.1415], [1.0, 0.0, 0.0, 0.0, 0.0, 0.204, 0.1415, 0.1415], [1.0, 0.0, 0.0, 0.0, 0.0, 0.204, 0.1415, 0.1415]]	
('1046651', '6234602', '18280784', '22161279,2254454')	rank:9	pos:2	terms:2	frequency:1	score:1	aggr:[[0.813953488372093, 0.06976744186046512, 0.0, 0.03488372093023256, 0.08139534883720931, 0.16539387227759306, 0.04592635658914729, 0.042922480620155044], [1.0, 0.0, 0.0, 0.0, 0.0, 0.2415, 0.1415, 0.1415], [1.0, 0.0, 0.0, 0.0, 0.0, 0.2415, 0.1415, 0.1415], [1.0, 0.0, 0.0, 0.0, 0.0, 0.2415, 0.1415, 0.1415], [0.813953488372093, 0.06976744186046512, 0.0, 0.03488372093023256, 0.08139534883720931, 0.16539387227759306, 0.04592635658914729, 0.042922480620155044], [1.0, 0.0, 0.0, 0.0, 0.0, 0.2415, 0.1415, 0.1415], [1.0, 0.0, 0.0, 0.0, 0.0, 0.2415, 0.1415, 0.1415], [1.0, 0.0, 0.0, 0.0, 0.0, 0.2415, 0.1415, 0.1415]]	
('1046651', '6234602', '18280784', '67880119,5092872')	rank:10	pos:2	terms:2	frequency:1	score:1	aggr:[[1.0, 0.0, 0.0, 0.0, 0.0, 0.19705555555555554, 0.1415, 0.1415], [1.0, 0.0, 0.0, 0.0, 0.0, 0.19705555555555554, 0.1415, 0.1415], [1.0, 0.0, 0.0, 0.0, 0.0, 0.19705555555555554, 0.1415, 0.1415], [1.0, 0.0, 0.0, 0.0, 0.0, 0.19705555555555554, 0.1415, 0.1415], [1.0, 0.0, 0.0, 0.0, 0.0, 0.19705555555555554, 0.1415, 0.1415], [1.0, 0.0, 0.0, 0.0, 0.0, 0.19705555555555554, 0.1415, 0.1415], [1.0, 0.0, 0.0, 0.0, 0.0, 0.19705555555555554, 0.1415, 0.1415], [1.0, 0.0, 0.0, 0.0, 0.0, 0.19705555555555554, 0.1415, 0.1415]]	
('1046651', '6234606', '18280784', '63501165,4848507')	rank:1	pos:1	terms:2	frequency:1	score:4	aggr:[[0.6, 0.0, 0.0, 0.2, 0.2, 0.2566, 0.0566, 0.4566], [0.3333333333333333, 0.0, 0.0, 0.3333333333333333, 0.3333333333333333, 0.09433333333333332, 0.09433333333333332, 0.761], [0.6666666666666666, 0.0, 0.0, 0.0, 0.3333333333333333, 0.26099999999999995, 0.09433333333333332, 0.42766666666666664], [0.5, 0.0, 0.0, 0.0, 0.5, 0.1415, 0.1415, 0.6415], [0.6, 0.0, 0.0, 0.2, 0.2, 0.2566, 0.0566, 0.4566], [0.3333333333333333, 0.0, 0.0, 0.3333333333333333, 0.3333333333333333, 0.09433333333333332, 0.09433333333333332, 0.761], [0.6666666666666666, 0.0, 0.0, 0.0, 0.3333333333333333, 0.26099999999999995, 0.09433333333333332, 0.42766666666666664], [0.5, 0.0, 0.0, 0.0, 0.5, 0.1415, 0.1415, 0.6415]]	
('1046651', '6234606', '18280784', '63501332,4848507')	rank:2	pos:1	terms:2	frequency:1	score:1	aggr:[[0.6, 0.0, 0.0, 0.2, 0.2, 0.2566, 0.0566, 0.4566], [1.0, 0.0, 0.0, 0.0, 0.0, 0.42766666666666664, 0.09433333333333332, 0.09433333333333332], [0.6666666666666666, 0.0, 0.0, 0.0, 0.3333333333333333, 0.26099999999999995, 0.09433333333333332, 0.42766666666666664], [1.0, 0.0, 0.0, 0.0, 0.0, 0.39149999999999996, 0.1415, 0.1415], [0.6, 0.0, 0.0, 0.2, 0.2, 0.2566, 0.0566, 0.4566], [1.0, 0.0, 0.0, 0.0, 0.0, 0.42766666666666664, 0.09433333333333332, 0.09433333333333332], [0.6666666666666666, 0.0, 0.0, 0.0, 0.3333333333333333, 0.26099999999999995, 0.09433333333333332, 0.42766666666666664], [1.0, 0.0, 0.0, 0.0, 0.0, 0.39149999999999996, 0.1415, 0.1415]]	
('1046651', '6234606', '18280784', '34331219,3279130')	rank:3	pos:1	terms:2	frequency:1	score:1	aggr:[[0.7880184331797235, 0.04608294930875576, 0.018433179723502304, 0.013824884792626729, 0.1336405529953917, 0.24073067076292906, 0.026572964669738863, 0.14757910906298], [1.0, 0.0, 0.0, 0.0, 0.0, 0.30816666666666664, 0.1415, 0.1415], [1.0, 0.0, 0.0, 0.0, 0.0, 0.30816666666666664, 0.1415, 0.1415], [1.0, 0.0, 0.0, 0.0, 0.0, 0.30816666666666664, 0.1415, 0.1415], [0.7880184331797235, 0.04608294930875576, 0.018433179723502304, 0.013824884792626729, 0.1336405529953917, 0.24073067076292906, 0.026572964669738863, 0.14757910906298], [1.0, 0.0, 0.0, 0.0, 0.0, 0.30816666666666664, 0.1415, 0.1415], [1.0, 0.0, 0.0, 0.0, 0.0, 0.30816666666666664, 0.1415, 0.1415], [1.0, 0.0, 0.0, 0.0, 0.0, 0.30816666666666664, 0.1415, 0.1415]]	
('1046651', '6234606', '18280784', '29627536,2872595')	rank:4	pos:1	terms:2	frequency:1	score:1	aggr:[[0.75, 0.0, 0.0, 0.0, 0.25, 0.19574999999999998, 0.07075, 0.32075], [0.75, 0.0, 0.0, 0.0, 0.25, 0.19574999999999998, 0.07075, 0.32075], [1.0, 0.0, 0.0, 0.0, 0.0, 0.26649999999999996, 0.1415, 0.1415], [1.0, 0.0, 0.0, 0.0, 0.0, 0.26649999999999996, 0.1415, 0.1415], [0.75, 0.0, 0.0, 0.0, 0.25, 0.19574999999999998, 0.07075, 0.32075], [0.75, 0.0, 0.0, 0.0, 0.25, 0.19574999999999998, 0.07075, 0.32075], [1.0, 0.0, 0.0, 0.0, 0.0, 0.26649999999999996, 0.1415, 0.1415], [1.0, 0.0, 0.0, 0.0, 0.0, 0.26649999999999996, 0.1415, 0.1415]]	
('1046651', '6234606', '18280784', '11693262,1161712')	rank:5	pos:1	terms:2	frequency:1	score:1	aggr:[[1.0, 0.0, 0.0, 0.0, 0.0, 0.22483333333333333, 0.1415, 0.1415], [1.0, 0.0, 0.0, 0.0, 0.0, 0.22483333333333333, 0.1415, 0.1415], [1.0, 0.0, 0.0, 0.0, 0.0, 0.22483333333333333, 0.1415, 0.1415], [1.0, 0.0, 0.0, 0.0, 0.0, 0.22483333333333333, 0.1415, 0.1415], [1.0, 0.0, 0.0, 0.0, 0.0, 0.22483333333333333, 0.1415, 0.1415], [1.0, 0.0, 0.0, 0.0, 0.0, 0.22483333333333333, 0.1415, 0.1415], [1.0, 0.0, 0.0, 0.0, 0.0, 0.22483333333333333, 0.1415, 0.1415], [1.0, 0.0, 0.0, 0.0, 0.0, 0.22483333333333333, 0.1415, 0.1415]]	
('1046651', '6234606', '18280784', '4940880,648015')	rank:6	pos:1	terms:2	frequency:1	score:1	aggr:[[1.0, 0.0, 0.0, 0.0, 0.0, 0.24597619047619046, 0.04716666666666666, 0.04716666666666666], [1.0, 0.0, 0.0, 0.0, 0.0, 0.2129285714285714, 0.1415, 0.1415], [1.0, 0.0, 0.0, 0.0, 0.0, 0.2129285714285714, 0.1415, 0.1415], [1.0, 0.0, 0.0, 0.0, 0.0, 0.2129285714285714, 0.1415, 0.1415], [1.0, 0.0, 0.0, 0.0, 0.0, 0.24597619047619046, 0.04716666666666666, 0.04716666666666666], [1.0, 0.0, 0.0, 0.0, 0.0, 0.2129285714285714, 0.1415, 0.1415], [1.0, 0.0, 0.0, 0.0, 0.0, 0.2129285714285714, 0.1415, 0.1415], [1.0, 0.0, 0.0, 0.0, 0.0, 0.2129285714285714, 0.1415, 0.1415]]	
('1046651', '6234606', '18280784', '63500799,4848501')	rank:7	pos:1	terms:2	frequency:1	score:1	aggr:[[1.0, 0.0, 0.0, 0.0, 0.0, 0.204, 0.1415, 0.1415], [1.0, 0.0, 0.0, 0.0, 0.0, 0.204, 0.1415, 0.1415], [1.0, 0.0, 0.0, 0.0, 0.0, 0.204, 0.1415, 0.1415], [1.0, 0.0, 0.0, 0.0, 0.0, 0.204, 0.1415, 0.1415], [1.0, 0.0, 0.0, 0.0, 0.0, 0.204, 0.1415, 0.1415], [1.0, 0.0, 0.0, 0.0, 0.0, 0.204, 0.1415, 0.1415], [1.0, 0.0, 0.0, 0.0, 0.0, 0.204, 0.1415, 0.1415], [1.0, 0.0, 0.0, 0.0, 0.0, 0.204, 0.1415, 0.1415]]	
('1046651', '6234606', '18280784', '22161279,2254454')	rank:8	pos:1	terms:2	frequency:1	score:1	aggr:[[0.813953488372093, 0.06976744186046512, 0.0, 0.03488372093023256, 0.08139534883720931, 0.16539387227759306, 0.04592635658914729, 0.042922480620155044], [1.0, 0.0, 0.0, 0.0, 0.0, 0.2415, 0.1415, 0.1415], [1.0, 0.0, 0.0, 0.0, 0.0, 0.2415, 0.1415, 0.1415], [1.0, 0.0, 0.0, 0.0, 0.0, 0.2415, 0.1415, 0.1415], [0.813953488372093, 0.06976744186046512, 0.0, 0.03488372093023256, 0.08139534883720931, 0.16539387227759306, 0.04592635658914729, 0.042922480620155044], [1.0, 0.0, 0.0, 0.0, 0.0, 0.2415, 0.1415, 0.1415], [1.0, 0.0, 0.0, 0.0, 0.0, 0.2415, 0.1415, 0.1415], [1.0, 0.0, 0.0, 0.0, 0.0, 0.2415, 0.1415, 0.1415]]	
('1046651', '6234606', '18280784', '67880119,5092872')	rank:9	pos:1	terms:2	frequency:1	score:1	aggr:[[1.0, 0.0, 0.0, 0.0, 0.0, 0.19705555555555554, 0.1415, 0.1415], [1.0, 0.0, 0.0, 0.0, 0.0, 0.19705555555555554, 0.1415, 0.1415], [1.0, 0.0, 0.0, 0.0, 0.0, 0.19705555555555554, 0.1415, 0.1415], [1.0, 0.0, 0.0, 0.0, 0.0, 0.19705555555555554, 0.1415, 0.1415], [1.0, 0.0, 0.0, 0.0, 0.0, 0.19705555555555554, 0.1415, 0.1415], [1.0, 0.0, 0.0, 0.0, 0.0, 0.19705555555555554, 0.1415, 0.1415], [1.0, 0.0, 0.0, 0.0, 0.0, 0.19705555555555554, 0.1415, 0.1415], [1.0, 0.0, 0.0, 0.0, 0.0, 0.19705555555555554, 0.1415, 0.1415]]	
('1046651', '6234606', '18280784', '61978506,4768642')	rank:10	pos:1	terms:2	frequency:1	score:1	aggr:[[1.0, 0.0, 0.0, 0.0, 0.0, 0.283, 0.283, 0.283], [1.0, 0.0, 0.0, 0.0, 0.0, 0.283, 0.283, 0.283], [1.0, 0.0, 0.0, 0.0, 0.0, 0.283, 0.283, 0.283], [1.0, 0.0, 0.0, 0.0, 0.0, 0.283, 0.283, 0.283], [1.0, 0.0, 0.0, 0.0, 0.0, 0.283, 0.283, 0.283], [1.0, 0.0, 0.0, 0.0, 0.0, 0.283, 0.283, 0.283], [1.0, 0.0, 0.0, 0.0, 0.0, 0.283, 0.283, 0.283], [1.0, 0.0, 0.0, 0.0, 0.0, 0.283, 0.283, 0.283]]	
('1046651', '6234606', '1066541', '29627536,2872595')	rank:1	pos:2	terms:1	frequency:0	score:5	aggr:[[0.75, 0.0, 0.0, 0.0, 0.25, 0.19574999999999998, 0.07075, 0.32075], [0.75, 0.0, 0.0, 0.0, 0.25, 0.19574999999999998, 0.07075, 0.32075], [1.0, 0.0, 0.0, 0.0, 0.0, 0.283, 0.283, 0.283], [1.0, 0.0, 0.0, 0.0, 0.0, 0.283, 0.283, 0.283], [0.75, 0.0, 0.0, 0.0, 0.25, 0.19574999999999998, 0.07075, 0.32075], [0.75, 0.0, 0.0, 0.0, 0.25, 0.19574999999999998, 0.07075, 0.32075], [1.0, 0.0, 0.0, 0.0, 0.0, 0.283, 0.283, 0.283], [1.0, 0.0, 0.0, 0.0, 0.0, 0.283, 0.283, 0.283]]	
('1046651', '6234606', '1066541', '61560158,4731461')	rank:2	pos:2	terms:1	frequency:0	score:1	aggr:[[1.0, 0.0, 0.0, 0.0, 0.0, 0.39149999999999996, 0.1415, 0.1415], [1.0, 0.0, 0.0, 0.0, 0.0, 0.39149999999999996, 0.1415, 0.1415], [1.0, 0.0, 0.0, 0.0, 0.0, 0.283, 0.283, 0.283], [1.0, 0.0, 0.0, 0.0, 0.0, 0.283, 0.283, 0.283], [1.0, 0.0, 0.0, 0.0, 0.0, 0.39149999999999996, 0.1415, 0.1415], [1.0, 0.0, 0.0, 0.0, 0.0, 0.39149999999999996, 0.1415, 0.1415], [1.0, 0.0, 0.0, 0.0, 0.0, 0.283, 0.283, 0.283], [1.0, 0.0, 0.0, 0.0, 0.0, 0.283, 0.283, 0.283]]	
('1046651', '6234606', '1066541', '6132794,787424')	rank:3	pos:2	terms:1	frequency:0	score:1	aggr:[[0.8992805755395683, 0.04316546762589928, 0.0, 0.050359712230215826, 0.007194244604316547, 0.23722210802786345, 0.018051730044535797, 0.02496619846979559], [1.0, 0.0, 0.0, 0.0, 0.0, 0.30816666666666664, 0.1415, 0.1415], [1.0, 0.0, 0.0, 0.0, 0.0, 0.283, 0.283, 0.283], [1.0, 0.0, 0.0, 0.0, 0.0, 0.283, 0.283, 0.283], [0.8992805755395683, 0.04316546762589928, 0.0, 0.050359712230215826, 0.007194244604316547, 0.23722210802786345, 0.018051730044535797, 0.02496619846979559], [1.0, 0.0, 0.0, 0.0, 0.0, 0.30816666666666664, 0.1415, 0.1415], [1.0, 0.0, 0.0, 0.0, 0.0, 0.283, 0.283, 0.283], [1.0, 0.0, 0.0, 0.0, 0.0, 0.283, 0.283, 0.283]]	
('1046651', '6234606', '1066541', '1589979,231548')	rank:4	pos:2	terms:1	frequency:0	score:1	aggr:[[1.0, 0.0, 0.0, 0.0, 0.0, 0.26649999999999996, 0.1415, 0.1415], [1.0, 0.0, 0.0, 0.0, 0.0, 0.26649999999999996, 0.1415, 0.1415], [1.0, 0.0, 0.0, 0.0, 0.0, 0.283, 0.283, 0.283], [1.0, 0.0, 0.0, 0.0, 0.0, 0.283, 0.283, 0.283], [1.0, 0.0, 0.0, 0.0, 0.0, 0.26649999999999996, 0.1415, 0.1415], [1.0, 0.0, 0.0, 0.0, 0.0, 0.26649999999999996, 0.1415, 0.1415], [1.0, 0.0, 0.0, 0.0, 0.0, 0.283, 0.283, 0.283], [1.0, 0.0, 0.0, 0.0, 0.0, 0.283, 0.283, 0.283]]	
('1046651', '6234606', '1066541', '68307568,5121069')	rank:5	pos:2	terms:1	frequency:0	score:1	aggr:[[0.8076923076923077, 0.07692307692307693, 0.0, 0.07692307692307693, 0.038461538461538464, 0.179474358974359, 0.03652564102564102, 0.07626923076923077], [1.0, 0.0, 0.0, 0.0, 0.0, 0.2415, 0.1415, 0.1415], [1.0, 0.0, 0.0, 0.0, 0.0, 0.283, 0.283, 0.283], [1.0, 0.0, 0.0, 0.0, 0.0, 0.283, 0.283, 0.283], [0.8076923076923077, 0.07692307692307693, 0.0, 0.07692307692307693, 0.038461538461538464, 0.179474358974359, 0.03652564102564102, 0.07626923076923077], [1.0, 0.0, 0.0, 0.0, 0.0, 0.2415, 0.1415, 0.1415], [1.0, 0.0, 0.0, 0.0, 0.0, 0.283, 0.283, 0.283], [1.0, 0.0, 0.0, 0.0, 0.0, 0.283, 0.283, 0.283]]	
('1046651', '6234606', '1066541', '38813359,3538815')	rank:6	pos:2	terms:1	frequency:0	score:1	aggr:[[0.7333333333333333, 0.06666666666666667, 0.06666666666666667, 0.0, 0.13333333333333333, 0.1196867724867725, 0.04108888888888888, 0.06886666666666666], [1.0, 0.0, 0.0, 0.0, 0.0, 0.22483333333333333, 0.1415, 0.1415], [1.0, 0.0, 0.0, 0.0, 0.0, 0.283, 0.283, 0.283], [1.0, 0.0, 0.0, 0.0, 0.0, 0.283, 0.283, 0.283], [0.7333333333333333, 0.06666666666666667, 0.06666666666666667, 0.0, 0.13333333333333333, 0.1196867724867725, 0.04108888888888888, 0.06886666666666666], [1.0, 0.0, 0.0, 0.0, 0.0, 0.22483333333333333, 0.1415, 0.1415], [1.0, 0.0, 0.0, 0.0, 0.0, 0.283, 0.283, 0.283], [1.0, 0.0, 0.0, 0.0, 0.0, 0.283, 0.283, 0.283]]	
('1046651', '6234606', '1066541', '66394784,5010987')	rank:7	pos:2	terms:1	frequency:0	score:1	aggr:[[1.0, 0.0, 0.0, 0.0, 0.0, 0.21568518518518517, 0.04716666666666666, 0.04716666666666666], [1.0, 0.0, 0.0, 0.0, 0.0, 0.1915, 0.1415, 0.1415], [1.0, 0.0, 0.0, 0.0, 0.0, 0.283, 0.283, 0.283], [1.0, 0.0, 0.0, 0.0, 0.0, 0.283, 0.283, 0.283], [1.0, 0.0, 0.0, 0.0, 0.0, 0.21568518518518517, 0.04716666666666666, 0.04716666666666666], [1.0, 0.0, 0.0, 0.0, 0.0, 0.1915, 0.1415, 0.1415], [1.0, 0.0, 0.0, 0.0, 0.0, 0.283, 0.283, 0.283], [1.0, 0.0, 0.0, 0.0, 0.0, 0.283, 0.283, 0.283]]	
('1046651', '6234606', '1066541', '67003158,5048153')	rank:8	pos:2	terms:1	frequency:0	score:1	aggr:[[0.8333333333333334, 0.16666666666666666, 0.0, 0.0, 0.0, 0.23367460317460317, 0.21383333333333332, 0.04716666666666666], [1.0, 0.0, 0.0, 0.0, 0.0, 0.2129285714285714, 0.1415, 0.1415], [1.0, 0.0, 0.0, 0.0, 0.0, 0.283, 0.283, 0.283], [1.0, 0.0, 0.0, 0.0, 0.0, 0.283, 0.283, 0.283], [0.8333333333333334, 0.16666666666666666, 0.0, 0.0, 0.0, 0.23367460317460317, 0.21383333333333332, 0.04716666666666666], [1.0, 0.0, 0.0, 0.0, 0.0, 0.2129285714285714, 0.1415, 0.1415], [1.0, 0.0, 0.0, 0.0, 0.0, 0.283, 0.283, 0.283], [1.0, 0.0, 0.0, 0.0, 0.0, 0.283, 0.283, 0.283]]	
('1046651', '6234606', '1066541', '45955876,3944608')	rank:9	pos:2	terms:1	frequency:0	score:1	aggr:[[0.8214285714285714, 0.07142857142857142, 0.0, 0.03571428571428571, 0.07142857142857142, 0.1771848072562358, 0.08153571428571428, 0.09939285714285714], [1.0, 0.0, 0.0, 0.0, 0.0, 0.204, 0.1415, 0.1415], [1.0, 0.0, 0.0, 0.0, 0.0, 0.283, 0.283, 0.283], [1.0, 0.0, 0.0, 0.0, 0.0, 0.283, 0.283, 0.283], [0.8214285714285714, 0.07142857142857142, 0.0, 0.03571428571428571, 0.07142857142857142, 0.1771848072562358, 0.08153571428571428, 0.09939285714285714], [1.0, 0.0, 0.0, 0.0, 0.0, 0.204, 0.1415, 0.1415], [1.0, 0.0, 0.0, 0.0, 0.0, 0.283, 0.283, 0.283], [1.0, 0.0, 0.0, 0.0, 0.0, 0.283, 0.283, 0.283]]	
('1046651', '6234606', '1066541', '41855188,3712040')	rank:10	pos:2	terms:1	frequency:0	score:1	aggr:[[0.8780487804878049, 0.07317073170731707, 0.0, 0.0, 0.04878048780487805, 0.29219086333720473, 0.040235772357723576, 0.022146341463414633], [1.0, 0.0, 0.0, 0.0, 0.0, 0.19705555555555554, 0.1415, 0.1415], [1.0, 0.0, 0.0, 0.0, 0.0, 0.283, 0.283, 0.283], [1.0, 0.0, 0.0, 0.0, 0.0, 0.283, 0.283, 0.283], [0.8780487804878049, 0.07317073170731707, 0.0, 0.0, 0.04878048780487805, 0.29219086333720473, 0.040235772357723576, 0.022146341463414633], [1.0, 0.0, 0.0, 0.0, 0.0, 0.19705555555555554, 0.1415, 0.1415], [1.0, 0.0, 0.0, 0.0, 0.0, 0.283, 0.283, 0.283], [1.0, 0.0, 0.0, 0.0, 0.0, 0.283, 0.283, 0.283]]	
('1046651', '6234615', '13704237', '58852321,4608431')	rank:1	pos:1	terms:1	frequency:0	score:1	aggr:[[1.0, 0.0, 0.0, 0.0, 0.0, 0.283, 0.283, 0.283], [1.0, 0.0, 0.0, 0.0, 0.0, 0.283, 0.283, 0.283], [1.0, 0.0, 0.0, 0.0, 0.0, 0.283, 0.283, 0.283], [1.0, 0.0, 0.0, 0.0, 0.0, 0.283, 0.283, 0.283], [1.0, 0.0, 0.0, 0.0, 0.0, 0.283, 0.283, 0.283], [1.0, 0.0, 0.0, 0.0, 0.0, 0.283, 0.283, 0.283], [1.0, 0.0, 0.0, 0.0, 0.0, 0.283, 0.283, 0.283], [1.0, 0.0, 0.0, 0.0, 0.0, 0.283, 0.283, 0.283]]	
('1046651', '6234615', '13704237', '62665777,4816436')	rank:2	pos:1	terms:1	frequency:0	score:1	aggr:[[1.0, 0.0, 0.0, 0.0, 0.0, 0.4647037037037037, 0.09433333333333332, 0.09433333333333332], [1.0, 0.0, 0.0, 0.0, 0.0, 0.283, 0.283, 0.283], [1.0, 0.0, 0.0, 0.0, 0.0, 0.283, 0.283, 0.283], [1.0, 0.0, 0.0, 0.0, 0.0, 0.283, 0.283, 0.283], [1.0, 0.0, 0.0, 0.0, 0.0, 0.4647037037037037, 0.09433333333333332, 0.09433333333333332], [1.0, 0.0, 0.0, 0.0, 0.0, 0.283, 0.283, 0.283], [1.0, 0.0, 0.0, 0.0, 0.0, 0.283, 0.283, 0.283], [1.0, 0.0, 0.0, 0.0, 0.0, 0.283, 0.283, 0.283]]	
('1046651', '6234615', '13704237', '32618203,3173488')	rank:3	pos:1	terms:1	frequency:0	score:1	aggr:[[0.5, 0.0, 0.0, 0.0, 0.5, 0.1415, 0.1415, 0.30816666666666664], [1.0, 0.0, 0.0, 0.0, 0.0, 0.283, 0.283, 0.283], [1.0, 0.0, 0.0, 0.0, 0.0, 0.283, 0.283, 0.283], [1.0, 0.0, 0.0, 0.0, 0.0, 0.283, 0.283, 0.283], [0.5, 0.0, 0.0, 0.0, 0.5, 0.1415, 0.1415, 0.30816666666666664], [1.0, 0.0, 0.0, 0.0, 0.0, 0.283, 0.283, 0.283], [1.0, 0.0, 0.0, 0.0, 0.0, 0.283, 0.283, 0.283], [1.0, 0.0, 0.0, 0.0, 0.0, 0.283, 0.283, 0.283]]	
('1046651', '6234615', '13704237', '54860109,4414176')	rank:4	pos:1	terms:1	frequency:0	score:1	aggr:[[1.0, 0.0, 0.0, 0.0, 0.0, 0.283, 0.283, 0.283], [1.0, 0.0, 0.0, 0.0, 0.0, 0.283, 0.283, 0.283], [1.0, 0.0, 0.0, 0.0, 0.0, 0.283, 0.283, 0.283], [1.0, 0.0, 0.0, 0.0, 0.0, 0.283, 0.283, 0.283], [1.0, 0.0, 0.0, 0.0, 0.0, 0.283, 0.283, 0.283], [1.0, 0.0, 0.0, 0.0, 0.0, 0.283, 0.283, 0.283], [1.0, 0.0, 0.0, 0.0, 0.0, 0.283, 0.283, 0.283], [1.0, 0.0, 0.0, 0.0, 0.0, 0.283, 0.283, 0.283]]	
('1046651', '6234615', '13704237', '64707643,4914217')	rank:5	pos:1	terms:1	frequency:0	score:1	aggr:[[1.0, 0.0, 0.0, 0.0, 0.0, 0.283, 0.283, 0.283], [1.0, 0.0, 0.0, 0.0, 0.0, 0.283, 0.283, 0.283], [1.0, 0.0, 0.0, 0.0, 0.0, 0.283, 0.283, 0.283], [1.0, 0.0, 0.0, 0.0, 0.0, 0.283, 0.283, 0.283], [1.0, 0.0, 0.0, 0.0, 0.0, 0.283, 0.283, 0.283], [1.0, 0.0, 0.0, 0.0, 0.0, 0.283, 0.283, 0.283], [1.0, 0.0, 0.0, 0.0, 0.0, 0.283, 0.283, 0.283], [1.0, 0.0, 0.0, 0.0, 0.0, 0.283, 0.283, 0.283]]	
('1046651', '6234615', '13704237', '37407685,3455379')	rank:6	pos:1	terms:1	frequency:0	score:1	aggr:[[1.0, 0.0, 0.0, 0.0, 0.0, 0.204, 0.1415, 0.1415], [1.0, 0.0, 0.0, 0.0, 0.0, 0.283, 0.283, 0.283], [1.0, 0.0, 0.0, 0.0, 0.0, 0.283, 0.283, 0.283], [1.0, 0.0, 0.0, 0.0, 0.0, 0.283, 0.283, 0.283], [1.0, 0.0, 0.0, 0.0, 0.0, 0.204, 0.1415, 0.1415], [1.0, 0.0, 0.0, 0.0, 0.0, 0.283, 0.283, 0.283], [1.0, 0.0, 0.0, 0.0, 0.0, 0.283, 0.283, 0.283], [1.0, 0.0, 0.0, 0.0, 0.0, 0.283, 0.283, 0.283]]	
('1046651', '6234615', '13704237', '25926467,2594109')	rank:7	pos:1	terms:1	frequency:0	score:1	aggr:[[1.0, 0.0, 0.0, 0.0, 0.0, 0.21655555555555553, 0.09433333333333332, 0.09433333333333332], [1.0, 0.0, 0.0, 0.0, 0.0, 0.283, 0.283, 0.283], [1.0, 0.0, 0.0, 0.0, 0.0, 0.283, 0.283, 0.283], [1.0, 0.0, 0.0, 0.0, 0.0, 0.283, 0.283, 0.283], [1.0, 0.0, 0.0, 0.0, 0.0, 0.21655555555555553, 0.09433333333333332, 0.09433333333333332], [1.0, 0.0, 0.0, 0.0, 0.0, 0.283, 0.283, 0.283], [1.0, 0.0, 0.0, 0.0, 0.0, 0.283, 0.283, 0.283], [1.0, 0.0, 0.0, 0.0, 0.0, 0.283, 0.283, 0.283]]	
('1046651', '6234615', '13704237', '18379055,1937492')	rank:8	pos:1	terms:1	frequency:0	score:1	aggr:[[1.0, 0.0, 0.0, 0.0, 0.0, 0.22104761904761905, 0.07075, 0.07075], [1.0, 0.0, 0.0, 0.0, 0.0, 0.283, 0.283, 0.283], [1.0, 0.0, 0.0, 0.0, 0.0, 0.283, 0.283, 0.283], [1.0, 0.0, 0.0, 0.0, 0.0, 0.283, 0.283, 0.283], [1.0, 0.0, 0.0, 0.0, 0.0, 0.22104761904761905, 0.07075, 0.07075], [1.0, 0.0, 0.0, 0.0, 0.0, 0.283, 0.283, 0.283], [1.0, 0.0, 0.0, 0.0, 0.0, 0.283, 0.283, 0.283], [1.0, 0.0, 0.0, 0.0, 0.0, 0.283, 0.283, 0.283]]	
('1046651', '6234615', '13704237', '14505779,1486888')	rank:9	pos:1	terms:1	frequency:0	score:1	aggr:[[1.0, 0.0, 0.0, 0.0, 0.0, 0.283, 0.283, 0.283], [1.0, 0.0, 0.0, 0.0, 0.0, 0.283, 0.283, 0.283], [1.0, 0.0, 0.0, 0.0, 0.0, 0.283, 0.283, 0.283], [1.0, 0.0, 0.0, 0.0, 0.0, 0.283, 0.283, 0.283], [1.0, 0.0, 0.0, 0.0, 0.0, 0.283, 0.283, 0.283], [1.0, 0.0, 0.0, 0.0, 0.0, 0.283, 0.283, 0.283], [1.0, 0.0, 0.0, 0.0, 0.0, 0.283, 0.283, 0.283], [1.0, 0.0, 0.0, 0.0, 0.0, 0.283, 0.283, 0.283]]	
('1046651', '6234615', '13704237', '41935778,3715627')	rank:10	pos:1	terms:1	frequency:0	score:1	aggr:[[0.3333333333333333, 0.6666666666666666, 0.0, 0.0, 0.0, 0.09433333333333332, 0.5387777777777777, 0.09433333333333332], [1.0, 0.0, 0.0, 0.0, 0.0, 0.283, 0.283, 0.283], [1.0, 0.0, 0.0, 0.0, 0.0, 0.283, 0.283, 0.283], [1.0, 0.0, 0.0, 0.0, 0.0, 0.283, 0.283, 0.283], [0.3333333333333333, 0.6666666666666666, 0.0, 0.0, 0.0, 0.09433333333333332, 0.5387777777777777, 0.09433333333333332], [1.0, 0.0, 0.0, 0.0, 0.0, 0.283, 0.283, 0.283], [1.0, 0.0, 0.0, 0.0, 0.0, 0.283, 0.283, 0.283], [1.0, 0.0, 0.0, 0.0, 0.0, 0.283, 0.283, 0.283]]	
('1046651', '6234621', '18280784', '63501165,4848507')	rank:1	pos:1	terms:2	frequency:1	score:5	aggr:[[0.6, 0.0, 0.0, 0.2, 0.2, 0.2566, 0.0566, 0.4566], [0.3333333333333333, 0.0, 0.0, 0.3333333333333333, 0.3333333333333333, 0.09433333333333332, 0.09433333333333332, 0.761], [0.6666666666666666, 0.0, 0.0, 0.0, 0.3333333333333333, 0.26099999999999995, 0.09433333333333332, 0.42766666666666664], [0.5, 0.0, 0.0, 0.0, 0.5, 0.1415, 0.1415, 0.6415], [0.6, 0.0, 0.0, 0.2, 0.2, 0.2566, 0.0566, 0.4566], [0.3333333333333333, 0.0, 0.0, 0.3333333333333333, 0.3333333333333333, 0.09433333333333332, 0.09433333333333332, 0.761], [0.6666666666666666, 0.0, 0.0, 0.0, 0.3333333333333333, 0.26099999999999995, 0.09433333333333332, 0.42766666666666664], [0.5, 0.0, 0.0, 0.0, 0.5, 0.1415, 0.1415, 0.6415]]	
('1046651', '6234621', '18280784', '63501332,4848507')	rank:2	pos:1	terms:2	frequency:1	score:1	aggr:[[0.6, 0.0, 0.0, 0.2, 0.2, 0.2566, 0.0566, 0.4566], [1.0, 0.0, 0.0, 0.0, 0.0, 0.42766666666666664, 0.09433333333333332, 0.09433333333333332], [0.6666666666666666, 0.0, 0.0, 0.0, 0.3333333333333333, 0.26099999999999995, 0.09433333333333332, 0.42766666666666664], [1.0, 0.0, 0.0, 0.0, 0.0, 0.39149999999999996, 0.1415, 0.1415], [0.6, 0.0, 0.0, 0.2, 0.2, 0.2566, 0.0566, 0.4566], [1.0, 0.0, 0.0, 0.0, 0.0, 0.42766666666666664, 0.09433333333333332, 0.09433333333333332], [0.6666666666666666, 0.0, 0.0, 0.0, 0.3333333333333333, 0.26099999999999995, 0.09433333333333332, 0.42766666666666664], [1.0, 0.0, 0.0, 0.0, 0.0, 0.39149999999999996, 0.1415, 0.1415]]	
('1046651', '6234621', '18280784', '34331219,3279130')	rank:3	pos:1	terms:2	frequency:1	score:1	aggr:[[0.7880184331797235, 0.04608294930875576, 0.018433179723502304, 0.013824884792626729, 0.1336405529953917, 0.24073067076292906, 0.026572964669738863, 0.14757910906298], [1.0, 0.0, 0.0, 0.0, 0.0, 0.30816666666666664, 0.1415, 0.1415], [1.0, 0.0, 0.0, 0.0, 0.0, 0.30816666666666664, 0.1415, 0.1415], [1.0, 0.0, 0.0, 0.0, 0.0, 0.30816666666666664, 0.1415, 0.1415], [0.7880184331797235, 0.04608294930875576, 0.018433179723502304, 0.013824884792626729, 0.1336405529953917, 0.24073067076292906, 0.026572964669738863, 0.14757910906298], [1.0, 0.0, 0.0, 0.0, 0.0, 0.30816666666666664, 0.1415, 0.1415], [1.0, 0.0, 0.0, 0.0, 0.0, 0.30816666666666664, 0.1415, 0.1415], [1.0, 0.0, 0.0, 0.0, 0.0, 0.30816666666666664, 0.1415, 0.1415]]	
('1046651', '6234621', '18280784', '29627536,2872595')	rank:4	pos:1	terms:2	frequency:1	score:1	aggr:[[0.75, 0.0, 0.0, 0.0, 0.25, 0.19574999999999998, 0.07075, 0.32075], [0.75, 0.0, 0.0, 0.0, 0.25, 0.19574999999999998, 0.07075, 0.32075], [1.0, 0.0, 0.0, 0.0, 0.0, 0.26649999999999996, 0.1415, 0.1415], [1.0, 0.0, 0.0, 0.0, 0.0, 0.26649999999999996, 0.1415, 0.1415], [0.75, 0.0, 0.0, 0.0, 0.25, 0.19574999999999998, 0.07075, 0.32075], [0.75, 0.0, 0.0, 0.0, 0.25, 0.19574999999999998, 0.07075, 0.32075], [1.0, 0.0, 0.0, 0.0, 0.0, 0.26649999999999996, 0.1415, 0.1415], [1.0, 0.0, 0.0, 0.0, 0.0, 0.26649999999999996, 0.1415, 0.1415]]	
('1046651', '6234621', '18280784', '11693262,1161712')	rank:5	pos:1	terms:2	frequency:1	score:1	aggr:[[1.0, 0.0, 0.0, 0.0, 0.0, 0.22483333333333333, 0.1415, 0.1415], [1.0, 0.0, 0.0, 0.0, 0.0, 0.22483333333333333, 0.1415, 0.1415], [1.0, 0.0, 0.0, 0.0, 0.0, 0.22483333333333333, 0.1415, 0.1415], [1.0, 0.0, 0.0, 0.0, 0.0, 0.22483333333333333, 0.1415, 0.1415], [1.0, 0.0, 0.0, 0.0, 0.0, 0.22483333333333333, 0.1415, 0.1415], [1.0, 0.0, 0.0, 0.0, 0.0, 0.22483333333333333, 0.1415, 0.1415], [1.0, 0.0, 0.0, 0.0, 0.0, 0.22483333333333333, 0.1415, 0.1415], [1.0, 0.0, 0.0, 0.0, 0.0, 0.22483333333333333, 0.1415, 0.1415]]	
('1046651', '6234621', '18280784', '4940880,648015')	rank:6	pos:1	terms:2	frequency:1	score:1	aggr:[[1.0, 0.0, 0.0, 0.0, 0.0, 0.24597619047619046, 0.04716666666666666, 0.04716666666666666], [1.0, 0.0, 0.0, 0.0, 0.0, 0.2129285714285714, 0.1415, 0.1415], [1.0, 0.0, 0.0, 0.0, 0.0, 0.2129285714285714, 0.1415, 0.1415], [1.0, 0.0, 0.0, 0.0, 0.0, 0.2129285714285714, 0.1415, 0.1415], [1.0, 0.0, 0.0, 0.0, 0.0, 0.24597619047619046, 0.04716666666666666, 0.04716666666666666], [1.0, 0.0, 0.0, 0.0, 0.0, 0.2129285714285714, 0.1415, 0.1415], [1.0, 0.0, 0.0, 0.0, 0.0, 0.2129285714285714, 0.1415, 0.1415], [1.0, 0.0, 0.0, 0.0, 0.0, 0.2129285714285714, 0.1415, 0.1415]]	
('1046651', '6234621', '18280784', '63500799,4848501')	rank:7	pos:1	terms:2	frequency:1	score:1	aggr:[[1.0, 0.0, 0.0, 0.0, 0.0, 0.204, 0.1415, 0.1415], [1.0, 0.0, 0.0, 0.0, 0.0, 0.204, 0.1415, 0.1415], [1.0, 0.0, 0.0, 0.0, 0.0, 0.204, 0.1415, 0.1415], [1.0, 0.0, 0.0, 0.0, 0.0, 0.204, 0.1415, 0.1415], [1.0, 0.0, 0.0, 0.0, 0.0, 0.204, 0.1415, 0.1415], [1.0, 0.0, 0.0, 0.0, 0.0, 0.204, 0.1415, 0.1415], [1.0, 0.0, 0.0, 0.0, 0.0, 0.204, 0.1415, 0.1415], [1.0, 0.0, 0.0, 0.0, 0.0, 0.204, 0.1415, 0.1415]]	
('1046651', '6234621', '18280784', '67880119,5092872')	rank:8	pos:1	terms:2	frequency:1	score:1	aggr:[[1.0, 0.0, 0.0, 0.0, 0.0, 0.19705555555555554, 0.1415, 0.1415], [1.0, 0.0, 0.0, 0.0, 0.0, 0.19705555555555554, 0.1415, 0.1415], [1.0, 0.0, 0.0, 0.0, 0.0, 0.19705555555555554, 0.1415, 0.1415], [1.0, 0.0, 0.0, 0.0, 0.0, 0.19705555555555554, 0.1415, 0.1415], [1.0, 0.0, 0.0, 0.0, 0.0, 0.19705555555555554, 0.1415, 0.1415], [1.0, 0.0, 0.0, 0.0, 0.0, 0.19705555555555554, 0.1415, 0.1415], [1.0, 0.0, 0.0, 0.0, 0.0, 0.19705555555555554, 0.1415, 0.1415], [1.0, 0.0, 0.0, 0.0, 0.0, 0.19705555555555554, 0.1415, 0.1415]]	
('1046651', '6234621', '18280784', '22161279,2254454')	rank:9	pos:1	terms:2	frequency:1	score:1	aggr:[[0.813953488372093, 0.06976744186046512, 0.0, 0.03488372093023256, 0.08139534883720931, 0.16539387227759306, 0.04592635658914729, 0.042922480620155044], [1.0, 0.0, 0.0, 0.0, 0.0, 0.2415, 0.1415, 0.1415], [1.0, 0.0, 0.0, 0.0, 0.0, 0.2415, 0.1415, 0.1415], [1.0, 0.0, 0.0, 0.0, 0.0, 0.2415, 0.1415, 0.1415], [0.813953488372093, 0.06976744186046512, 0.0, 0.03488372093023256, 0.08139534883720931, 0.16539387227759306, 0.04592635658914729, 0.042922480620155044], [1.0, 0.0, 0.0, 0.0, 0.0, 0.2415, 0.1415, 0.1415], [1.0, 0.0, 0.0, 0.0, 0.0, 0.2415, 0.1415, 0.1415], [1.0, 0.0, 0.0, 0.0, 0.0, 0.2415, 0.1415, 0.1415]]	
('1046651', '6234621', '18280784', '27700341,2699934')	rank:10	pos:1	terms:2	frequency:1	score:1	aggr:[[1.0, 0.0, 0.0, 0.0, 0.0, 0.1915, 0.1415, 0.1415], [1.0, 0.0, 0.0, 0.0, 0.0, 0.1915, 0.1415, 0.1415], [1.0, 0.0, 0.0, 0.0, 0.0, 0.1915, 0.1415, 0.1415], [1.0, 0.0, 0.0, 0.0, 0.0, 0.1915, 0.1415, 0.1415], [1.0, 0.0, 0.0, 0.0, 0.0, 0.1915, 0.1415, 0.1415], [1.0, 0.0, 0.0, 0.0, 0.0, 0.1915, 0.1415, 0.1415], [1.0, 0.0, 0.0, 0.0, 0.0, 0.1915, 0.1415, 0.1415], [1.0, 0.0, 0.0, 0.0, 0.0, 0.1915, 0.1415, 0.1415]]	
('1046651', '6234621', '15061726', '27582097,2684729')	rank:1	pos:2	terms:3	frequency:0	score:5	aggr:[[0.5, 0.0, 0.0, 0.0, 0.5, 0.1415, 0.1415, 0.6415], [1.0, 0.0, 0.0, 0.0, 0.0, 0.283, 0.283, 0.283], [1.0, 0.0, 0.0, 0.0, 0.0, 0.283, 0.283, 0.283], [1.0, 0.0, 0.0, 0.0, 0.0, 0.283, 0.283, 0.283], [0.5, 0.0, 0.0, 0.0, 0.5, 0.1415, 0.1415, 0.6415], [1.0, 0.0, 0.0, 0.0, 0.0, 0.283, 0.283, 0.283], [1.0, 0.0, 0.0, 0.0, 0.0, 0.283, 0.283, 0.283], [1.0, 0.0, 0.0, 0.0, 0.0, 0.283, 0.283, 0.283]]	
('1046651', '6234621', '15061726', '8253178,983397')	rank:2	pos:2	terms:3	frequency:0	score:3	aggr:[[1.0, 0.0, 0.0, 0.0, 0.0, 0.283, 0.283, 0.283], [1.0, 0.0, 0.0, 0.0, 0.0, 0.283, 0.283, 0.283], [1.0, 0.0, 0.0, 0.0, 0.0, 0.283, 0.283, 0.283], [1.0, 0.0, 0.0, 0.0, 0.0, 0.283, 0.283, 0.283], [1.0, 0.0, 0.0, 0.0, 0.0, 0.283, 0.283, 0.283], [1.0, 0.0, 0.0, 0.0, 0.0, 0.283, 0.283, 0.283], [1.0, 0.0, 0.0, 0.0, 0.0, 0.283, 0.283, 0.283], [1.0, 0.0, 0.0, 0.0, 0.0, 0.283, 0.283, 0.283]]	
('1046651', '6234621', '15061726', '12361280,1239129')	rank:3	pos:2	terms:3	frequency:0	score:1	aggr:[[1.0, 0.0, 0.0, 0.0, 0.0, 0.283, 0.283, 0.283], [1.0, 0.0, 0.0, 0.0, 0.0, 0.283, 0.283, 0.283], [1.0, 0.0, 0.0, 0.0, 0.0, 0.283, 0.283, 0.283], [1.0, 0.0, 0.0, 0.0, 0.0, 0.283, 0.283, 0.283], [1.0, 0.0, 0.0, 0.0, 0.0, 0.283, 0.283, 0.283], [1.0, 0.0, 0.0, 0.0, 0.0, 0.283, 0.283, 0.283], [1.0, 0.0, 0.0, 0.0, 0.0, 0.283, 0.283, 0.283], [1.0, 0.0, 0.0, 0.0, 0.0, 0.283, 0.283, 0.283]]	
('1046651', '6234621', '15061726', '35119612,3309518')	rank:4	pos:2	terms:3	frequency:0	score:1	aggr:[[1.0, 0.0, 0.0, 0.0, 0.0, 0.283, 0.283, 0.283], [1.0, 0.0, 0.0, 0.0, 0.0, 0.283, 0.283, 0.283], [1.0, 0.0, 0.0, 0.0, 0.0, 0.283, 0.283, 0.283], [1.0, 0.0, 0.0, 0.0, 0.0, 0.283, 0.283, 0.283], [1.0, 0.0, 0.0, 0.0, 0.0, 0.283, 0.283, 0.283], [1.0, 0.0, 0.0, 0.0, 0.0, 0.283, 0.283, 0.283], [1.0, 0.0, 0.0, 0.0, 0.0, 0.283, 0.283, 0.283], [1.0, 0.0, 0.0, 0.0, 0.0, 0.283, 0.283, 0.283]]	
('1046651', '6234621', '15061726', '21932229,2251977')	rank:5	pos:2	terms:3	frequency:0	score:1	aggr:[[0.7692307692307693, 0.15384615384615385, 0.0, 0.0, 0.07692307692307693, 0.21364957264957266, 0.05061538461538461, 0.034589743589743586], [1.0, 0.0, 0.0, 0.0, 0.0, 0.283, 0.283, 0.283], [1.0, 0.0, 0.0, 0.0, 0.0, 0.283, 0.283, 0.283], [1.0, 0.0, 0.0, 0.0, 0.0, 0.283, 0.283, 0.283], [0.7692307692307693, 0.15384615384615385, 0.0, 0.0, 0.07692307692307693, 0.21364957264957266, 0.05061538461538461, 0.034589743589743586], [1.0, 0.0, 0.0, 0.0, 0.0, 0.283, 0.283, 0.283], [1.0, 0.0, 0.0, 0.0, 0.0, 0.283, 0.283, 0.283], [1.0, 0.0, 0.0, 0.0, 0.0, 0.283, 0.283, 0.283]]	
('1046651', '6234621', '15061726', '53487748,4357849')	rank:6	pos:2	terms:3	frequency:0	score:1	aggr:[[0.5, 0.0, 0.0, 0.5, 0.0, 0.1415, 0.1415, 0.1915], [1.0, 0.0, 0.0, 0.0, 0.0, 0.283, 0.283, 0.283], [1.0, 0.0, 0.0, 0.0, 0.0, 0.283, 0.283, 0.283], [1.0, 0.0, 0.0, 0.0, 0.0, 0.283, 0.283, 0.283], [0.5, 0.0, 0.0, 0.5, 0.0, 0.1415, 0.1415, 0.1915], [1.0, 0.0, 0.0, 0.0, 0.0, 0.283, 0.283, 0.283], [1.0, 0.0, 0.0, 0.0, 0.0, 0.283, 0.283, 0.283], [1.0, 0.0, 0.0, 0.0, 0.0, 0.283, 0.283, 0.283]]	
('1046651', '6234621', '15061726', '22304449,2254454')	rank:7	pos:2	terms:3	frequency:0	score:1	aggr:[[0.813953488372093, 0.06976744186046512, 0.0, 0.03488372093023256, 0.08139534883720931, 0.16539387227759306, 0.04592635658914729, 0.042922480620155044], [1.0, 0.0, 0.0, 0.0, 0.0, 0.283, 0.283, 0.283], [1.0, 0.0, 0.0, 0.0, 0.0, 0.283, 0.283, 0.283], [1.0, 0.0, 0.0, 0.0, 0.0, 0.283, 0.283, 0.283], [0.813953488372093, 0.06976744186046512, 0.0, 0.03488372093023256, 0.08139534883720931, 0.16539387227759306, 0.04592635658914729, 0.042922480620155044], [1.0, 0.0, 0.0, 0.0, 0.0, 0.283, 0.283, 0.283], [1.0, 0.0, 0.0, 0.0, 0.0, 0.283, 0.283, 0.283], [1.0, 0.0, 0.0, 0.0, 0.0, 0.283, 0.283, 0.283]]	
('1046651', '6234621', '15061726', '8392126,1000395')	rank:8	pos:2	terms:3	frequency:0	score:1	aggr:[[1.0, 0.0, 0.0, 0.0, 0.0, 0.283, 0.283, 0.283], [1.0, 0.0, 0.0, 0.0, 0.0, 0.283, 0.283, 0.283], [1.0, 0.0, 0.0, 0.0, 0.0, 0.283, 0.283, 0.283], [1.0, 0.0, 0.0, 0.0, 0.0, 0.283, 0.283, 0.283], [1.0, 0.0, 0.0, 0.0, 0.0, 0.283, 0.283, 0.283], [1.0, 0.0, 0.0, 0.0, 0.0, 0.283, 0.283, 0.283], [1.0, 0.0, 0.0, 0.0, 0.0, 0.283, 0.283, 0.283], [1.0, 0.0, 0.0, 0.0, 0.0, 0.283, 0.283, 0.283]]	
('1046651', '6234621', '15061726', '59757630,4655151')	rank:9	pos:2	terms:3	frequency:0	score:1	aggr:[[1.0, 0.0, 0.0, 0.0, 0.0, 0.283, 0.283, 0.283], [1.0, 0.0, 0.0, 0.0, 0.0, 0.283, 0.283, 0.283], [1.0, 0.0, 0.0, 0.0, 0.0, 0.283, 0.283, 0.283], [1.0, 0.0, 0.0, 0.0, 0.0, 0.283, 0.283, 0.283], [1.0, 0.0, 0.0, 0.0, 0.0, 0.283, 0.283, 0.283], [1.0, 0.0, 0.0, 0.0, 0.0, 0.283, 0.283, 0.283], [1.0, 0.0, 0.0, 0.0, 0.0, 0.283, 0.283, 0.283], [1.0, 0.0, 0.0, 0.0, 0.0, 0.283, 0.283, 0.283]]	
('1046651', '6234621', '15061726', '35094923,3306635')	rank:10	pos:2	terms:3	frequency:0	score:1	aggr:[[1.0, 0.0, 0.0, 0.0, 0.0, 0.283, 0.283, 0.283], [1.0, 0.0, 0.0, 0.0, 0.0, 0.283, 0.283, 0.283], [1.0, 0.0, 0.0, 0.0, 0.0, 0.283, 0.283, 0.283], [1.0, 0.0, 0.0, 0.0, 0.0, 0.283, 0.283, 0.283], [1.0, 0.0, 0.0, 0.0, 0.0, 0.283, 0.283, 0.283], [1.0, 0.0, 0.0, 0.0, 0.0, 0.283, 0.283, 0.283], [1.0, 0.0, 0.0, 0.0, 0.0, 0.283, 0.283, 0.283], [1.0, 0.0, 0.0, 0.0, 0.0, 0.283, 0.283, 0.283]]	
('1046651', '6234625', '6446212', '6349183,787424')	rank:1	pos:1	terms:1	frequency:0	score:5	aggr:[[0.8992805755395683, 0.04316546762589928, 0.0, 0.050359712230215826, 0.007194244604316547, 0.23722210802786345, 0.018051730044535797, 0.02496619846979559], [1.0, 0.0, 0.0, 0.0, 0.0, 0.283, 0.283, 0.283], [1.0, 0.0, 0.0, 0.0, 0.0, 0.283, 0.283, 0.283], [1.0, 0.0, 0.0, 0.0, 0.0, 0.283, 0.283, 0.283], [0.8992805755395683, 0.04316546762589928, 0.0, 0.050359712230215826, 0.007194244604316547, 0.23722210802786345, 0.018051730044535797, 0.02496619846979559], [1.0, 0.0, 0.0, 0.0, 0.0, 0.283, 0.283, 0.283], [1.0, 0.0, 0.0, 0.0, 0.0, 0.283, 0.283, 0.283], [1.0, 0.0, 0.0, 0.0, 0.0, 0.283, 0.283, 0.283]]	
('1046651', '6234625', '6446212', '59172025,4624187')	rank:2	pos:1	terms:1	frequency:0	score:1	aggr:[[1.0, 0.0, 0.0, 0.0, 0.0, 0.283, 0.283, 0.283], [1.0, 0.0, 0.0, 0.0, 0.0, 0.283, 0.283, 0.283], [1.0, 0.0, 0.0, 0.0, 0.0, 0.283, 0.283, 0.283], [1.0, 0.0, 0.0, 0.0, 0.0, 0.283, 0.283, 0.283], [1.0, 0.0, 0.0, 0.0, 0.0, 0.283, 0.283, 0.283], [1.0, 0.0, 0.0, 0.0, 0.0, 0.283, 0.283, 0.283], [1.0, 0.0, 0.0, 0.0, 0.0, 0.283, 0.283, 0.283], [1.0, 0.0, 0.0, 0.0, 0.0, 0.283, 0.283, 0.283]]	
('1046651', '6234625', '6446212', '20784667,2128403')	rank:3	pos:1	terms:1	frequency:0	score:1	aggr:[[1.0, 0.0, 0.0, 0.0, 0.0, 0.283, 0.283, 0.283], [1.0, 0.0, 0.0, 0.0, 0.0, 0.283, 0.283, 0.283], [1.0, 0.0, 0.0, 0.0, 0.0, 0.283, 0.283, 0.283], [1.0, 0.0, 0.0, 0.0, 0.0, 0.283, 0.283, 0.283], [1.0, 0.0, 0.0, 0.0, 0.0, 0.283, 0.283, 0.283], [1.0, 0.0, 0.0, 0.0, 0.0, 0.283, 0.283, 0.283], [1.0, 0.0, 0.0, 0.0, 0.0, 0.283, 0.283, 0.283], [1.0, 0.0, 0.0, 0.0, 0.0, 0.283, 0.283, 0.283]]	
('1046651', '6234625', '6446212', '35596882,3356401')	rank:4	pos:1	terms:1	frequency:0	score:1	aggr:[[1.0, 0.0, 0.0, 0.0, 0.0, 0.283, 0.283, 0.283], [1.0, 0.0, 0.0, 0.0, 0.0, 0.283, 0.283, 0.283], [1.0, 0.0, 0.0, 0.0, 0.0, 0.283, 0.283, 0.283], [1.0, 0.0, 0.0, 0.0, 0.0, 0.283, 0.283, 0.283], [1.0, 0.0, 0.0, 0.0, 0.0, 0.283, 0.283, 0.283], [1.0, 0.0, 0.0, 0.0, 0.0, 0.283, 0.283, 0.283], [1.0, 0.0, 0.0, 0.0, 0.0, 0.283, 0.283, 0.283], [1.0, 0.0, 0.0, 0.0, 0.0, 0.283, 0.283, 0.283]]	
('1046651', '6234625', '6446212', '11394343,1133765')	rank:5	pos:1	terms:1	frequency:0	score:1	aggr:[[1.0, 0.0, 0.0, 0.0, 0.0, 0.283, 0.283, 0.283], [1.0, 0.0, 0.0, 0.0, 0.0, 0.283, 0.283, 0.283], [1.0, 0.0, 0.0, 0.0, 0.0, 0.283, 0.283, 0.283], [1.0, 0.0, 0.0, 0.0, 0.0, 0.283, 0.283, 0.283], [1.0, 0.0, 0.0, 0.0, 0.0, 0.283, 0.283, 0.283], [1.0, 0.0, 0.0, 0.0, 0.0, 0.283, 0.283, 0.283], [1.0, 0.0, 0.0, 0.0, 0.0, 0.283, 0.283, 0.283], [1.0, 0.0, 0.0, 0.0, 0.0, 0.283, 0.283, 0.283]]	
('1046651', '6234625', '6446212', '24169468,2412406')	rank:6	pos:1	terms:1	frequency:0	score:1	aggr:[[1.0, 0.0, 0.0, 0.0, 0.0, 0.283, 0.283, 0.283], [1.0, 0.0, 0.0, 0.0, 0.0, 0.283, 0.283, 0.283], [1.0, 0.0, 0.0, 0.0, 0.0, 0.283, 0.283, 0.283], [1.0, 0.0, 0.0, 0.0, 0.0, 0.283, 0.283, 0.283], [1.0, 0.0, 0.0, 0.0, 0.0, 0.283, 0.283, 0.283], [1.0, 0.0, 0.0, 0.0, 0.0, 0.283, 0.283, 0.283], [1.0, 0.0, 0.0, 0.0, 0.0, 0.283, 0.283, 0.283], [1.0, 0.0, 0.0, 0.0, 0.0, 0.283, 0.283, 0.283]]	
('1046651', '6234625', '6446212', '1871850,277325')	rank:7	pos:1	terms:1	frequency:0	score:1	aggr:[[0.5, 0.5, 0.0, 0.0, 0.0, 0.1415, 0.39149999999999996, 0.1415], [1.0, 0.0, 0.0, 0.0, 0.0, 0.283, 0.283, 0.283], [1.0, 0.0, 0.0, 0.0, 0.0, 0.283, 0.283, 0.283], [1.0, 0.0, 0.0, 0.0, 0.0, 0.283, 0.283, 0.283], [0.5, 0.5, 0.0, 0.0, 0.0, 0.1415, 0.39149999999999996, 0.1415], [1.0, 0.0, 0.0, 0.0, 0.0, 0.283, 0.283, 0.283], [1.0, 0.0, 0.0, 0.0, 0.0, 0.283, 0.283, 0.283], [1.0, 0.0, 0.0, 0.0, 0.0, 0.283, 0.283, 0.283]]	
('1046651', '6234625', '6446212', '52124498,4290397')	rank:8	pos:1	terms:1	frequency:0	score:1	aggr:[[1.0, 0.0, 0.0, 0.0, 0.0, 0.283, 0.283, 0.283], [1.0, 0.0, 0.0, 0.0, 0.0, 0.283, 0.283, 0.283], [1.0, 0.0, 0.0, 0.0, 0.0, 0.283, 0.283, 0.283], [1.0, 0.0, 0.0, 0.0, 0.0, 0.283, 0.283, 0.283], [1.0, 0.0, 0.0, 0.0, 0.0, 0.283, 0.283, 0.283], [1.0, 0.0, 0.0, 0.0, 0.0, 0.283, 0.283, 0.283], [1.0, 0.0, 0.0, 0.0, 0.0, 0.283, 0.283, 0.283], [1.0, 0.0, 0.0, 0.0, 0.0, 0.283, 0.283, 0.283]]	
('1046651', '6234625', '6446212', '49563241,4159399')	rank:9	pos:1	terms:1	frequency:0	score:1	aggr:[[1.0, 0.0, 0.0, 0.0, 0.0, 0.19705555555555554, 0.1415, 0.1415], [1.0, 0.0, 0.0, 0.0, 0.0, 0.283, 0.283, 0.283], [1.0, 0.0, 0.0, 0.0, 0.0, 0.283, 0.283, 0.283], [1.0, 0.0, 0.0, 0.0, 0.0, 0.283, 0.283, 0.283], [1.0, 0.0, 0.0, 0.0, 0.0, 0.19705555555555554, 0.1415, 0.1415], [1.0, 0.0, 0.0, 0.0, 0.0, 0.283, 0.283, 0.283], [1.0, 0.0, 0.0, 0.0, 0.0, 0.283, 0.283, 0.283], [1.0, 0.0, 0.0, 0.0, 0.0, 0.283, 0.283, 0.283]]	
('1046651', '6234625', '6446212', '58870280,4608858')	rank:10	pos:1	terms:1	frequency:0	score:1	aggr:[[1.0, 0.0, 0.0, 0.0, 0.0, 0.283, 0.283, 0.283], [1.0, 0.0, 0.0, 0.0, 0.0, 0.283, 0.283, 0.283], [1.0, 0.0, 0.0, 0.0, 0.0, 0.283, 0.283, 0.283], [1.0, 0.0, 0.0, 0.0, 0.0, 0.283, 0.283, 0.283], [1.0, 0.0, 0.0, 0.0, 0.0, 0.283, 0.283, 0.283], [1.0, 0.0, 0.0, 0.0, 0.0, 0.283, 0.283, 0.283], [1.0, 0.0, 0.0, 0.0, 0.0, 0.283, 0.283, 0.283], [1.0, 0.0, 0.0, 0.0, 0.0, 0.283, 0.283, 0.283]]	
('1046651', '6234628', '2185078', '43715305,3828407')	rank:1	pos:1	terms:4	frequency:0	score:1	aggr:[[1.0, 0.0, 0.0, 0.0, 0.0, 0.4647037037037037, 0.09433333333333332, 0.09433333333333332], [1.0, 0.0, 0.0, 0.0, 0.0, 0.283, 0.283, 0.283], [1.0, 0.0, 0.0, 0.0, 0.0, 0.283, 0.283, 0.283], [1.0, 0.0, 0.0, 0.0, 0.0, 0.283, 0.283, 0.283], [1.0, 0.0, 0.0, 0.0, 0.0, 0.4647037037037037, 0.09433333333333332, 0.09433333333333332], [1.0, 0.0, 0.0, 0.0, 0.0, 0.283, 0.283, 0.283], [1.0, 0.0, 0.0, 0.0, 0.0, 0.283, 0.283, 0.283], [1.0, 0.0, 0.0, 0.0, 0.0, 0.283, 0.283, 0.283]]	
('1046651', '6234628', '2185078', '51704973,4265386')	rank:2	pos:1	terms:4	frequency:0	score:1	aggr:[[0.8974358974358975, 0.05128205128205128, 0.0, 0.0, 0.05128205128205128, 0.1957688237688238, 0.026487179487179484, 0.05853846153846154], [1.0, 0.0, 0.0, 0.0, 0.0, 0.283, 0.283, 0.283], [1.0, 0.0, 0.0, 0.0, 0.0, 0.283, 0.283, 0.283], [1.0, 0.0, 0.0, 0.0, 0.0, 0.283, 0.283, 0.283], [0.8974358974358975, 0.05128205128205128, 0.0, 0.0, 0.05128205128205128, 0.1957688237688238, 0.026487179487179484, 0.05853846153846154], [1.0, 0.0, 0.0, 0.0, 0.0, 0.283, 0.283, 0.283], [1.0, 0.0, 0.0, 0.0, 0.0, 0.283, 0.283, 0.283], [1.0, 0.0, 0.0, 0.0, 0.0, 0.283, 0.283, 0.283]]	
('1046651', '6234628', '2185078', '19274521,2015107')	rank:3	pos:1	terms:4	frequency:0	score:1	aggr:[[1.0, 0.0, 0.0, 0.0, 0.0, 0.28877777777777774, 0.09433333333333332, 0.09433333333333332], [1.0, 0.0, 0.0, 0.0, 0.0, 0.283, 0.283, 0.283], [1.0, 0.0, 0.0, 0.0, 0.0, 0.283, 0.283, 0.283], [1.0, 0.0, 0.0, 0.0, 0.0, 0.283, 0.283, 0.283], [1.0, 0.0, 0.0, 0.0, 0.0, 0.28877777777777774, 0.09433333333333332, 0.09433333333333332], [1.0, 0.0, 0.0, 0.0, 0.0, 0.283, 0.283, 0.283], [1.0, 0.0, 0.0, 0.0, 0.0, 0.283, 0.283, 0.283], [1.0, 0.0, 0.0, 0.0, 0.0, 0.283, 0.283, 0.283]]	
('1046651', '6234628', '2185078', '69530857,5149883')	rank:4	pos:1	terms:4	frequency:0	score:1	aggr:[[0.8716216216216216, 0.07432432432432433, 0.0, 0.006756756756756757, 0.0472972972972973, 0.1721958386958387, 0.03373326898326898, 0.049209459459459454], [1.0, 0.0, 0.0, 0.0, 0.0, 0.283, 0.283, 0.283], [1.0, 0.0, 0.0, 0.0, 0.0, 0.283, 0.283, 0.283], [1.0, 0.0, 0.0, 0.0, 0.0, 0.283, 0.283, 0.283], [0.8716216216216216, 0.07432432432432433, 0.0, 0.006756756756756757, 0.0472972972972973, 0.1721958386958387, 0.03373326898326898, 0.049209459459459454], [1.0, 0.0, 0.0, 0.0, 0.0, 0.283, 0.283, 0.283], [1.0, 0.0, 0.0, 0.0, 0.0, 0.283, 0.283, 0.283], [1.0, 0.0, 0.0, 0.0, 0.0, 0.283, 0.283, 0.283]]	
('1046651', '6234628', '2185078', '69117872,5149883')	rank:5	pos:1	terms:4	frequency:0	score:1	aggr:[[0.8716216216216216, 0.07432432432432433, 0.0, 0.006756756756756757, 0.0472972972972973, 0.1721958386958387, 0.03373326898326898, 0.049209459459459454], [1.0, 0.0, 0.0, 0.0, 0.0, 0.283, 0.283, 0.283], [1.0, 0.0, 0.0, 0.0, 0.0, 0.283, 0.283, 0.283], [1.0, 0.0, 0.0, 0.0, 0.0, 0.283, 0.283, 0.283], [0.8716216216216216, 0.07432432432432433, 0.0, 0.006756756756756757, 0.0472972972972973, 0.1721958386958387, 0.03373326898326898, 0.049209459459459454], [1.0, 0.0, 0.0, 0.0, 0.0, 0.283, 0.283, 0.283], [1.0, 0.0, 0.0, 0.0, 0.0, 0.283, 0.283, 0.283], [1.0, 0.0, 0.0, 0.0, 0.0, 0.283, 0.283, 0.283]]	
('1046651', '6234628', '2185078', '17998082,1887339')	rank:6	pos:1	terms:4	frequency:0	score:1	aggr:[[0.9333333333333333, 0.06666666666666667, 0.0, 0.0, 0.0, 0.23682751322751325, 0.048322222222222225, 0.009433333333333332], [1.0, 0.0, 0.0, 0.0, 0.0, 0.283, 0.283, 0.283], [1.0, 0.0, 0.0, 0.0, 0.0, 0.283, 0.283, 0.283], [1.0, 0.0, 0.0, 0.0, 0.0, 0.283, 0.283, 0.283], [0.9333333333333333, 0.06666666666666667, 0.0, 0.0, 0.0, 0.23682751322751325, 0.048322222222222225, 0.009433333333333332], [1.0, 0.0, 0.0, 0.0, 0.0, 0.283, 0.283, 0.283], [1.0, 0.0, 0.0, 0.0, 0.0, 0.283, 0.283, 0.283], [1.0, 0.0, 0.0, 0.0, 0.0, 0.283, 0.283, 0.283]]	
('1046651', '6234628', '2185078', '26460605,2597528')	rank:7	pos:1	terms:4	frequency:0	score:1	aggr:[[0.8227513227513228, 0.07539682539682539, 0.006613756613756613, 0.015873015873015872, 0.07936507936507936, 0.2853878810783567, 0.04387920970857478, 0.07144230284706476], [1.0, 0.0, 0.0, 0.0, 0.0, 0.283, 0.283, 0.283], [1.0, 0.0, 0.0, 0.0, 0.0, 0.283, 0.283, 0.283], [1.0, 0.0, 0.0, 0.0, 0.0, 0.283, 0.283, 0.283], [0.8227513227513228, 0.07539682539682539, 0.006613756613756613, 0.015873015873015872, 0.07936507936507936, 0.2853878810783567, 0.04387920970857478, 0.07144230284706476], [1.0, 0.0, 0.0, 0.0, 0.0, 0.283, 0.283, 0.283], [1.0, 0.0, 0.0, 0.0, 0.0, 0.283, 0.283, 0.283], [1.0, 0.0, 0.0, 0.0, 0.0, 0.283, 0.283, 0.283]]	
('1046651', '6234628', '2185078', '39763874,3583182')	rank:8	pos:1	terms:4	frequency:0	score:1	aggr:[[1.0, 0.0, 0.0, 0.0, 0.0, 0.283, 0.283, 0.283], [1.0, 0.0, 0.0, 0.0, 0.0, 0.283, 0.283, 0.283], [1.0, 0.0, 0.0, 0.0, 0.0, 0.283, 0.283, 0.283], [1.0, 0.0, 0.0, 0.0, 0.0, 0.283, 0.283, 0.283], [1.0, 0.0, 0.0, 0.0, 0.0, 0.283, 0.283, 0.283], [1.0, 0.0, 0.0, 0.0, 0.0, 0.283, 0.283, 0.283], [1.0, 0.0, 0.0, 0.0, 0.0, 0.283, 0.283, 0.283], [1.0, 0.0, 0.0, 0.0, 0.0, 0.283, 0.283, 0.283]]	
('1046651', '6234628', '2185078', '69884350,5157997')	rank:9	pos:1	terms:4	frequency:0	score:1	aggr:[[0.6410256410256411, 0.1282051282051282, 0.02564102564102564, 0.02564102564102564, 0.1794871794871795, 0.2194664224664224, 0.04663369963369963, 0.16537606837606839], [1.0, 0.0, 0.0, 0.0, 0.0, 0.283, 0.283, 0.283], [1.0, 0.0, 0.0, 0.0, 0.0, 0.283, 0.283, 0.283], [1.0, 0.0, 0.0, 0.0, 0.0, 0.283, 0.283, 0.283], [0.6410256410256411, 0.1282051282051282, 0.02564102564102564, 0.02564102564102564, 0.1794871794871795, 0.2194664224664224, 0.04663369963369963, 0.16537606837606839], [1.0, 0.0, 0.0, 0.0, 0.0, 0.283, 0.283, 0.283], [1.0, 0.0, 0.0, 0.0, 0.0, 0.283, 0.283, 0.283], [1.0, 0.0, 0.0, 0.0, 0.0, 0.283, 0.283, 0.283]]	
('1046651', '6234628', '2185078', '55861152,4451257')	rank:10	pos:1	terms:4	frequency:0	score:1	aggr:[[1.0, 0.0, 0.0, 0.0, 0.0, 0.30816666666666664, 0.1415, 0.1415], [1.0, 0.0, 0.0, 0.0, 0.0, 0.283, 0.283, 0.283], [1.0, 0.0, 0.0, 0.0, 0.0, 0.283, 0.283, 0.283], [1.0, 0.0, 0.0, 0.0, 0.0, 0.283, 0.283, 0.283], [1.0, 0.0, 0.0, 0.0, 0.0, 0.30816666666666664, 0.1415, 0.1415], [1.0, 0.0, 0.0, 0.0, 0.0, 0.283, 0.283, 0.283], [1.0, 0.0, 0.0, 0.0, 0.0, 0.283, 0.283, 0.283], [1.0, 0.0, 0.0, 0.0, 0.0, 0.283, 0.283, 0.283]]	
('1046651', '6234628', '2185079', '19274521,2015107')	rank:1	pos:2	terms:5	frequency:0	score:5	aggr:[[1.0, 0.0, 0.0, 0.0, 0.0, 0.28877777777777774, 0.09433333333333332, 0.09433333333333332], [1.0, 0.0, 0.0, 0.0, 0.0, 0.283, 0.283, 0.283], [1.0, 0.0, 0.0, 0.0, 0.0, 0.283, 0.283, 0.283], [1.0, 0.0, 0.0, 0.0, 0.0, 0.283, 0.283, 0.283], [1.0, 0.0, 0.0, 0.0, 0.0, 0.28877777777777774, 0.09433333333333332, 0.09433333333333332], [1.0, 0.0, 0.0, 0.0, 0.0, 0.283, 0.283, 0.283], [1.0, 0.0, 0.0, 0.0, 0.0, 0.283, 0.283, 0.283], [1.0, 0.0, 0.0, 0.0, 0.0, 0.283, 0.283, 0.283]]	
('1046651', '6234628', '2185079', '16125543,1684289')	rank:2	pos:2	terms:5	frequency:0	score:3	aggr:[[1.0, 0.0, 0.0, 0.0, 0.0, 0.19705555555555554, 0.1415, 0.1415], [1.0, 0.0, 0.0, 0.0, 0.0, 0.283, 0.283, 0.283], [1.0, 0.0, 0.0, 0.0, 0.0, 0.283, 0.283, 0.283], [1.0, 0.0, 0.0, 0.0, 0.0, 0.283, 0.283, 0.283], [1.0, 0.0, 0.0, 0.0, 0.0, 0.19705555555555554, 0.1415, 0.1415], [1.0, 0.0, 0.0, 0.0, 0.0, 0.283, 0.283, 0.283], [1.0, 0.0, 0.0, 0.0, 0.0, 0.283, 0.283, 0.283], [1.0, 0.0, 0.0, 0.0, 0.0, 0.283, 0.283, 0.283]]	
('1046651', '6234628', '2185079', '22903031,2305627')	rank:3	pos:2	terms:5	frequency:0	score:1	aggr:[[1.0, 0.0, 0.0, 0.0, 0.0, 0.22548888888888885, 0.0566, 0.0566], [1.0, 0.0, 0.0, 0.0, 0.0, 0.283, 0.283, 0.283], [1.0, 0.0, 0.0, 0.0, 0.0, 0.283, 0.283, 0.283], [1.0, 0.0, 0.0, 0.0, 0.0, 0.283, 0.283, 0.283], [1.0, 0.0, 0.0, 0.0, 0.0, 0.22548888888888885, 0.0566, 0.0566], [1.0, 0.0, 0.0, 0.0, 0.0, 0.283, 0.283, 0.283], [1.0, 0.0, 0.0, 0.0, 0.0, 0.283, 0.283, 0.283], [1.0, 0.0, 0.0, 0.0, 0.0, 0.283, 0.283, 0.283]]	
('1046651', '6234628', '2185079', '7634822,943019')	rank:4	pos:2	terms:5	frequency:0	score:1	aggr:[[1.0, 0.0, 0.0, 0.0, 0.0, 0.21655555555555553, 0.09433333333333332, 0.09433333333333332], [1.0, 0.0, 0.0, 0.0, 0.0, 0.283, 0.283, 0.283], [1.0, 0.0, 0.0, 0.0, 0.0, 0.283, 0.283, 0.283], [1.0, 0.0, 0.0, 0.0, 0.0, 0.283, 0.283, 0.283], [1.0, 0.0, 0.0, 0.0, 0.0, 0.21655555555555553, 0.09433333333333332, 0.09433333333333332], [1.0, 0.0, 0.0, 0.0, 0.0, 0.283, 0.283, 0.283], [1.0, 0.0, 0.0, 0.0, 0.0, 0.283, 0.283, 0.283], [1.0, 0.0, 0.0, 0.0, 0.0, 0.283, 0.283, 0.283]]	
('1046651', '6234628', '2185079', '26460605,2597528')	rank:5	pos:2	terms:5	frequency:0	score:1	aggr:[[0.8227513227513228, 0.07539682539682539, 0.006613756613756613, 0.015873015873015872, 0.07936507936507936, 0.2853878810783567, 0.04387920970857478, 0.07144230284706476], [1.0, 0.0, 0.0, 0.0, 0.0, 0.283, 0.283, 0.283], [1.0, 0.0, 0.0, 0.0, 0.0, 0.283, 0.283, 0.283], [1.0, 0.0, 0.0, 0.0, 0.0, 0.283, 0.283, 0.283], [0.8227513227513228, 0.07539682539682539, 0.006613756613756613, 0.015873015873015872, 0.07936507936507936, 0.2853878810783567, 0.04387920970857478, 0.07144230284706476], [1.0, 0.0, 0.0, 0.0, 0.0, 0.283, 0.283, 0.283], [1.0, 0.0, 0.0, 0.0, 0.0, 0.283, 0.283, 0.283], [1.0, 0.0, 0.0, 0.0, 0.0, 0.283, 0.283, 0.283]]	
('1046651', '6234628', '2185079', '14384966,1469421')	rank:6	pos:2	terms:5	frequency:0	score:1	aggr:[[0.75, 0.0625, 0.0625, 0.0, 0.125, 0.15456746031746033, 0.048937499999999995, 0.1739375], [1.0, 0.0, 0.0, 0.0, 0.0, 0.283, 0.283, 0.283], [1.0, 0.0, 0.0, 0.0, 0.0, 0.283, 0.283, 0.283], [1.0, 0.0, 0.0, 0.0, 0.0, 0.283, 0.283, 0.283], [0.75, 0.0625, 0.0625, 0.0, 0.125, 0.15456746031746033, 0.048937499999999995, 0.1739375], [1.0, 0.0, 0.0, 0.0, 0.0, 0.283, 0.283, 0.283], [1.0, 0.0, 0.0, 0.0, 0.0, 0.283, 0.283, 0.283], [1.0, 0.0, 0.0, 0.0, 0.0, 0.283, 0.283, 0.283]]	
('1046651', '6234628', '2185079', '17998082,1887339')	rank:7	pos:2	terms:5	frequency:0	score:1	aggr:[[0.9333333333333333, 0.06666666666666667, 0.0, 0.0, 0.0, 0.23682751322751325, 0.048322222222222225, 0.009433333333333332], [1.0, 0.0, 0.0, 0.0, 0.0, 0.283, 0.283, 0.283], [1.0, 0.0, 0.0, 0.0, 0.0, 0.283, 0.283, 0.283], [1.0, 0.0, 0.0, 0.0, 0.0, 0.283, 0.283, 0.283], [0.9333333333333333, 0.06666666666666667, 0.0, 0.0, 0.0, 0.23682751322751325, 0.048322222222222225, 0.009433333333333332], [1.0, 0.0, 0.0, 0.0, 0.0, 0.283, 0.283, 0.283], [1.0, 0.0, 0.0, 0.0, 0.0, 0.283, 0.283, 0.283], [1.0, 0.0, 0.0, 0.0, 0.0, 0.283, 0.283, 0.283]]	
('1046651', '6234628', '2185079', '16637944,1729019')	rank:8	pos:2	terms:5	frequency:0	score:1	aggr:[[0.6666666666666666, 0.0, 0.0, 0.0, 0.3333333333333333, 0.10503703703703704, 0.04716666666666666, 0.3805], [1.0, 0.0, 0.0, 0.0, 0.0, 0.283, 0.283, 0.283], [1.0, 0.0, 0.0, 0.0, 0.0, 0.283, 0.283, 0.283], [1.0, 0.0, 0.0, 0.0, 0.0, 0.283, 0.283, 0.283], [0.6666666666666666, 0.0, 0.0, 0.0, 0.3333333333333333, 0.10503703703703704, 0.04716666666666666, 0.3805], [1.0, 0.0, 0.0, 0.0, 0.0, 0.283, 0.283, 0.283], [1.0, 0.0, 0.0, 0.0, 0.0, 0.283, 0.283, 0.283], [1.0, 0.0, 0.0, 0.0, 0.0, 0.283, 0.283, 0.283]]	
('1046651', '6234628', '2185079', '39766682,3583213')	rank:9	pos:2	terms:5	frequency:0	score:1	aggr:[[1.0, 0.0, 0.0, 0.0, 0.0, 0.283, 0.283, 0.283], [1.0, 0.0, 0.0, 0.0, 0.0, 0.283, 0.283, 0.283], [1.0, 0.0, 0.0, 0.0, 0.0, 0.283, 0.283, 0.283], [1.0, 0.0, 0.0, 0.0, 0.0, 0.283, 0.283, 0.283], [1.0, 0.0, 0.0, 0.0, 0.0, 0.283, 0.283, 0.283], [1.0, 0.0, 0.0, 0.0, 0.0, 0.283, 0.283, 0.283], [1.0, 0.0, 0.0, 0.0, 0.0, 0.283, 0.283, 0.283], [1.0, 0.0, 0.0, 0.0, 0.0, 0.283, 0.283, 0.283]]	
('1046651', '6234628', '2185079', '63931181,4869063')	rank:10	pos:2	terms:5	frequency:0	score:1	aggr:[[1.0, 0.0, 0.0, 0.0, 0.0, 0.15783219954648525, 0.040428571428571425, 0.040428571428571425], [1.0, 0.0, 0.0, 0.0, 0.0, 0.283, 0.283, 0.283], [1.0, 0.0, 0.0, 0.0, 0.0, 0.283, 0.283, 0.283], [1.0, 0.0, 0.0, 0.0, 0.0, 0.283, 0.283, 0.283], [1.0, 0.0, 0.0, 0.0, 0.0, 0.15783219954648525, 0.040428571428571425, 0.040428571428571425], [1.0, 0.0, 0.0, 0.0, 0.0, 0.283, 0.283, 0.283], [1.0, 0.0, 0.0, 0.0, 0.0, 0.283, 0.283, 0.283], [1.0, 0.0, 0.0, 0.0, 0.0, 0.283, 0.283, 0.283]]	
('1046651', '6234630', '5870239', '54829297,4413583')	rank:1	pos:1	terms:2	frequency:0	score:1	aggr:[[1.0, 0.0, 0.0, 0.0, 0.0, 0.6207499999999999, 0.07075, 0.07075], [1.0, 0.0, 0.0, 0.0, 0.0, 0.283, 0.283, 0.283], [1.0, 0.0, 0.0, 0.0, 0.0, 0.283, 0.283, 0.283], [1.0, 0.0, 0.0, 0.0, 0.0, 0.283, 0.283, 0.283], [1.0, 0.0, 0.0, 0.0, 0.0, 0.6207499999999999, 0.07075, 0.07075], [1.0, 0.0, 0.0, 0.0, 0.0, 0.283, 0.283, 0.283], [1.0, 0.0, 0.0, 0.0, 0.0, 0.283, 0.283, 0.283], [1.0, 0.0, 0.0, 0.0, 0.0, 0.283, 0.283, 0.283]]	
('1046651', '6234630', '5870239', '40181445,3602328')	rank:2	pos:1	terms:2	frequency:0	score:1	aggr:[[0.8333333333333334, 0.08333333333333333, 0.0, 0.0, 0.08333333333333333, 0.2168373015873016, 0.10691666666666666, 0.04025], [1.0, 0.0, 0.0, 0.0, 0.0, 0.283, 0.283, 0.283], [1.0, 0.0, 0.0, 0.0, 0.0, 0.283, 0.283, 0.283], [1.0, 0.0, 0.0, 0.0, 0.0, 0.283, 0.283, 0.283], [0.8333333333333334, 0.08333333333333333, 0.0, 0.0, 0.08333333333333333, 0.2168373015873016, 0.10691666666666666, 0.04025], [1.0, 0.0, 0.0, 0.0, 0.0, 0.283, 0.283, 0.283], [1.0, 0.0, 0.0, 0.0, 0.0, 0.283, 0.283, 0.283], [1.0, 0.0, 0.0, 0.0, 0.0, 0.283, 0.283, 0.283]]	
('1046651', '6234630', '5870239', '53945985,4374160')	rank:3	pos:1	terms:2	frequency:0	score:1	aggr:[[1.0, 0.0, 0.0, 0.0, 0.0, 0.5344761904761904, 0.040428571428571425, 0.040428571428571425], [1.0, 0.0, 0.0, 0.0, 0.0, 0.283, 0.283, 0.283], [1.0, 0.0, 0.0, 0.0, 0.0, 0.283, 0.283, 0.283], [1.0, 0.0, 0.0, 0.0, 0.0, 0.283, 0.283, 0.283], [1.0, 0.0, 0.0, 0.0, 0.0, 0.5344761904761904, 0.040428571428571425, 0.040428571428571425], [1.0, 0.0, 0.0, 0.0, 0.0, 0.283, 0.283, 0.283], [1.0, 0.0, 0.0, 0.0, 0.0, 0.283, 0.283, 0.283], [1.0, 0.0, 0.0, 0.0, 0.0, 0.283, 0.283, 0.283]]	
('1046651', '6234630', '5870239', '53945226,4374158')	rank:4	pos:1	terms:2	frequency:0	score:1	aggr:[[1.0, 0.0, 0.0, 0.0, 0.0, 0.32766666666666666, 0.09433333333333332, 0.09433333333333332], [1.0, 0.0, 0.0, 0.0, 0.0, 0.283, 0.283, 0.283], [1.0, 0.0, 0.0, 0.0, 0.0, 0.283, 0.283, 0.283], [1.0, 0.0, 0.0, 0.0, 0.0, 0.283, 0.283, 0.283], [1.0, 0.0, 0.0, 0.0, 0.0, 0.32766666666666666, 0.09433333333333332, 0.09433333333333332], [1.0, 0.0, 0.0, 0.0, 0.0, 0.283, 0.283, 0.283], [1.0, 0.0, 0.0, 0.0, 0.0, 0.283, 0.283, 0.283], [1.0, 0.0, 0.0, 0.0, 0.0, 0.283, 0.283, 0.283]]	
('1046651', '6234630', '5870239', '38531675,3521367')	rank:5	pos:1	terms:2	frequency:0	score:1	aggr:[[1.0, 0.0, 0.0, 0.0, 0.0, 0.283, 0.283, 0.283], [1.0, 0.0, 0.0, 0.0, 0.0, 0.283, 0.283, 0.283], [1.0, 0.0, 0.0, 0.0, 0.0, 0.283, 0.283, 0.283], [1.0, 0.0, 0.0, 0.0, 0.0, 0.283, 0.283, 0.283], [1.0, 0.0, 0.0, 0.0, 0.0, 0.283, 0.283, 0.283], [1.0, 0.0, 0.0, 0.0, 0.0, 0.283, 0.283, 0.283], [1.0, 0.0, 0.0, 0.0, 0.0, 0.283, 0.283, 0.283], [1.0, 0.0, 0.0, 0.0, 0.0, 0.283, 0.283, 0.283]]	
('1046651', '6234630', '5870239', '56261900,4468527')	rank:6	pos:1	terms:2	frequency:0	score:1	aggr:[[1.0, 0.0, 0.0, 0.0, 0.0, 0.283, 0.283, 0.283], [1.0, 0.0, 0.0, 0.0, 0.0, 0.283, 0.283, 0.283], [1.0, 0.0, 0.0, 0.0, 0.0, 0.283, 0.283, 0.283], [1.0, 0.0, 0.0, 0.0, 0.0, 0.283, 0.283, 0.283], [1.0, 0.0, 0.0, 0.0, 0.0, 0.283, 0.283, 0.283], [1.0, 0.0, 0.0, 0.0, 0.0, 0.283, 0.283, 0.283], [1.0, 0.0, 0.0, 0.0, 0.0, 0.283, 0.283, 0.283], [1.0, 0.0, 0.0, 0.0, 0.0, 0.283, 0.283, 0.283]]	
('1046651', '6234630', '5870239', '16247205,1697410')	rank:7	pos:1	terms:2	frequency:0	score:1	aggr:[[0.967741935483871, 0.03225806451612903, 0.0, 0.0, 0.0, 0.17143061955965186, 0.015580645161290322, 0.009129032258064515], [1.0, 0.0, 0.0, 0.0, 0.0, 0.283, 0.283, 0.283], [1.0, 0.0, 0.0, 0.0, 0.0, 0.283, 0.283, 0.283], [1.0, 0.0, 0.0, 0.0, 0.0, 0.283, 0.283, 0.283], [0.967741935483871, 0.03225806451612903, 0.0, 0.0, 0.0, 0.17143061955965186, 0.015580645161290322, 0.009129032258064515], [1.0, 0.0, 0.0, 0.0, 0.0, 0.283, 0.283, 0.283], [1.0, 0.0, 0.0, 0.0, 0.0, 0.283, 0.283, 0.283], [1.0, 0.0, 0.0, 0.0, 0.0, 0.283, 0.283, 0.283]]	
('1046651', '6234630', '5870239', '50790239,4224168')	rank:8	pos:1	terms:2	frequency:0	score:1	aggr:[[1.0, 0.0, 0.0, 0.0, 0.0, 0.252, 0.07075, 0.07075], [1.0, 0.0, 0.0, 0.0, 0.0, 0.283, 0.283, 0.283], [1.0, 0.0, 0.0, 0.0, 0.0, 0.283, 0.283, 0.283], [1.0, 0.0, 0.0, 0.0, 0.0, 0.283, 0.283, 0.283], [1.0, 0.0, 0.0, 0.0, 0.0, 0.252, 0.07075, 0.07075], [1.0, 0.0, 0.0, 0.0, 0.0, 0.283, 0.283, 0.283], [1.0, 0.0, 0.0, 0.0, 0.0, 0.283, 0.283, 0.283], [1.0, 0.0, 0.0, 0.0, 0.0, 0.283, 0.283, 0.283]]	
('1046651', '6234630', '5870239', '18146737,1905219')	rank:9	pos:1	terms:2	frequency:0	score:1	aggr:[[1.0, 0.0, 0.0, 0.0, 0.0, 0.283, 0.283, 0.283], [1.0, 0.0, 0.0, 0.0, 0.0, 0.283, 0.283, 0.283], [1.0, 0.0, 0.0, 0.0, 0.0, 0.283, 0.283, 0.283], [1.0, 0.0, 0.0, 0.0, 0.0, 0.283, 0.283, 0.283], [1.0, 0.0, 0.0, 0.0, 0.0, 0.283, 0.283, 0.283], [1.0, 0.0, 0.0, 0.0, 0.0, 0.283, 0.283, 0.283], [1.0, 0.0, 0.0, 0.0, 0.0, 0.283, 0.283, 0.283], [1.0, 0.0, 0.0, 0.0, 0.0, 0.283, 0.283, 0.283]]	
('1046651', '6234630', '5870239', '64250911,4884952')	rank:10	pos:1	terms:2	frequency:0	score:1	aggr:[[1.0, 0.0, 0.0, 0.0, 0.0, 0.283, 0.283, 0.283], [1.0, 0.0, 0.0, 0.0, 0.0, 0.283, 0.283, 0.283], [1.0, 0.0, 0.0, 0.0, 0.0, 0.283, 0.283, 0.283], [1.0, 0.0, 0.0, 0.0, 0.0, 0.283, 0.283, 0.283], [1.0, 0.0, 0.0, 0.0, 0.0, 0.283, 0.283, 0.283], [1.0, 0.0, 0.0, 0.0, 0.0, 0.283, 0.283, 0.283], [1.0, 0.0, 0.0, 0.0, 0.0, 0.283, 0.283, 0.283], [1.0, 0.0, 0.0, 0.0, 0.0, 0.283, 0.283, 0.283]]	
('1046651', '6234630', '2173432', '37834553,3478295')	rank:1	pos:2	terms:5	frequency:0	score:1	aggr:[[0.6923076923076923, 0.0, 0.0, 0.038461538461538464, 0.2692307692307692, 0.23420573870573871, 0.010884615384615383, 0.20767948717948717], [1.0, 0.0, 0.0, 0.0, 0.0, 0.283, 0.283, 0.283], [1.0, 0.0, 0.0, 0.0, 0.0, 0.283, 0.283, 0.283], [1.0, 0.0, 0.0, 0.0, 0.0, 0.283, 0.283, 0.283], [0.6923076923076923, 0.0, 0.0, 0.038461538461538464, 0.2692307692307692, 0.23420573870573871, 0.010884615384615383, 0.20767948717948717], [1.0, 0.0, 0.0, 0.0, 0.0, 0.283, 0.283, 0.283], [1.0, 0.0, 0.0, 0.0, 0.0, 0.283, 0.283, 0.283], [1.0, 0.0, 0.0, 0.0, 0.0, 0.283, 0.283, 0.283]]	
('1046651', '6234630', '2173432', '37834922,3478295')	rank:2	pos:2	terms:5	frequency:0	score:1	aggr:[[0.6923076923076923, 0.0, 0.0, 0.038461538461538464, 0.2692307692307692, 0.23420573870573871, 0.010884615384615383, 0.20767948717948717], [1.0, 0.0, 0.0, 0.0, 0.0, 0.283, 0.283, 0.283], [1.0, 0.0, 0.0, 0.0, 0.0, 0.283, 0.283, 0.283], [1.0, 0.0, 0.0, 0.0, 0.0, 0.283, 0.283, 0.283], [0.6923076923076923, 0.0, 0.0, 0.038461538461538464, 0.2692307692307692, 0.23420573870573871, 0.010884615384615383, 0.20767948717948717], [1.0, 0.0, 0.0, 0.0, 0.0, 0.283, 0.283, 0.283], [1.0, 0.0, 0.0, 0.0, 0.0, 0.283, 0.283, 0.283], [1.0, 0.0, 0.0, 0.0, 0.0, 0.283, 0.283, 0.283]]	
('1046651', '6234630', '2173432', '17922482,1887339')	rank:3	pos:2	terms:5	frequency:0	score:1	aggr:[[0.9333333333333333, 0.06666666666666667, 0.0, 0.0, 0.0, 0.23682751322751325, 0.048322222222222225, 0.009433333333333332], [1.0, 0.0, 0.0, 0.0, 0.0, 0.283, 0.283, 0.283], [1.0, 0.0, 0.0, 0.0, 0.0, 0.283, 0.283, 0.283], [1.0, 0.0, 0.0, 0.0, 0.0, 0.283, 0.283, 0.283], [0.9333333333333333, 0.06666666666666667, 0.0, 0.0, 0.0, 0.23682751322751325, 0.048322222222222225, 0.009433333333333332], [1.0, 0.0, 0.0, 0.0, 0.0, 0.283, 0.283, 0.283], [1.0, 0.0, 0.0, 0.0, 0.0, 0.283, 0.283, 0.283], [1.0, 0.0, 0.0, 0.0, 0.0, 0.283, 0.283, 0.283]]	
('1046651', '6234630', '2173432', '65944365,4994273')	rank:4	pos:2	terms:5	frequency:0	score:1	aggr:[[0.75, 0.0, 0.0, 0.0, 0.25, 0.34575, 0.07075, 0.32075], [1.0, 0.0, 0.0, 0.0, 0.0, 0.283, 0.283, 0.283], [1.0, 0.0, 0.0, 0.0, 0.0, 0.283, 0.283, 0.283], [1.0, 0.0, 0.0, 0.0, 0.0, 0.283, 0.283, 0.283], [0.75, 0.0, 0.0, 0.0, 0.25, 0.34575, 0.07075, 0.32075], [1.0, 0.0, 0.0, 0.0, 0.0, 0.283, 0.283, 0.283], [1.0, 0.0, 0.0, 0.0, 0.0, 0.283, 0.283, 0.283], [1.0, 0.0, 0.0, 0.0, 0.0, 0.283, 0.283, 0.283]]	
('1046651', '6234630', '2173432', '7634954,943019')	rank:5	pos:2	terms:5	frequency:0	score:1	aggr:[[1.0, 0.0, 0.0, 0.0, 0.0, 0.21655555555555553, 0.09433333333333332, 0.09433333333333332], [1.0, 0.0, 0.0, 0.0, 0.0, 0.283, 0.283, 0.283], [1.0, 0.0, 0.0, 0.0, 0.0, 0.283, 0.283, 0.283], [1.0, 0.0, 0.0, 0.0, 0.0, 0.283, 0.283, 0.283], [1.0, 0.0, 0.0, 0.0, 0.0, 0.21655555555555553, 0.09433333333333332, 0.09433333333333332], [1.0, 0.0, 0.0, 0.0, 0.0, 0.283, 0.283, 0.283], [1.0, 0.0, 0.0, 0.0, 0.0, 0.283, 0.283, 0.283], [1.0, 0.0, 0.0, 0.0, 0.0, 0.283, 0.283, 0.283]]	
('1046651', '6234630', '2173432', '57918925,4567748')	rank:6	pos:2	terms:5	frequency:0	score:1	aggr:[[1.0, 0.0, 0.0, 0.0, 0.0, 0.2332222222222222, 0.09433333333333332, 0.09433333333333332], [1.0, 0.0, 0.0, 0.0, 0.0, 0.283, 0.283, 0.283], [1.0, 0.0, 0.0, 0.0, 0.0, 0.283, 0.283, 0.283], [1.0, 0.0, 0.0, 0.0, 0.0, 0.283, 0.283, 0.283], [1.0, 0.0, 0.0, 0.0, 0.0, 0.2332222222222222, 0.09433333333333332, 0.09433333333333332], [1.0, 0.0, 0.0, 0.0, 0.0, 0.283, 0.283, 0.283], [1.0, 0.0, 0.0, 0.0, 0.0, 0.283, 0.283, 0.283], [1.0, 0.0, 0.0, 0.0, 0.0, 0.283, 0.283, 0.283]]	
('1046651', '6234630', '2173432', '31754340,3105268')	rank:7	pos:2	terms:5	frequency:0	score:1	aggr:[[1.0, 0.0, 0.0, 0.0, 0.0, 0.2939642857142857, 0.07075, 0.07075], [1.0, 0.0, 0.0, 0.0, 0.0, 0.283, 0.283, 0.283], [1.0, 0.0, 0.0, 0.0, 0.0, 0.283, 0.283, 0.283], [1.0, 0.0, 0.0, 0.0, 0.0, 0.283, 0.283, 0.283], [1.0, 0.0, 0.0, 0.0, 0.0, 0.2939642857142857, 0.07075, 0.07075], [1.0, 0.0, 0.0, 0.0, 0.0, 0.283, 0.283, 0.283], [1.0, 0.0, 0.0, 0.0, 0.0, 0.283, 0.283, 0.283], [1.0, 0.0, 0.0, 0.0, 0.0, 0.283, 0.283, 0.283]]	
('1046651', '6234630', '2173432', '70901945,5264751')	rank:8	pos:2	terms:5	frequency:0	score:1	aggr:[[0.9411764705882353, 0.058823529411764705, 0.0, 0.0, 0.0, 0.1941447245564893, 0.03625490196078431, 0.01664705882352941], [1.0, 0.0, 0.0, 0.0, 0.0, 0.283, 0.283, 0.283], [1.0, 0.0, 0.0, 0.0, 0.0, 0.283, 0.283, 0.283], [1.0, 0.0, 0.0, 0.0, 0.0, 0.283, 0.283, 0.283], [0.9411764705882353, 0.058823529411764705, 0.0, 0.0, 0.0, 0.1941447245564893, 0.03625490196078431, 0.01664705882352941], [1.0, 0.0, 0.0, 0.0, 0.0, 0.283, 0.283, 0.283], [1.0, 0.0, 0.0, 0.0, 0.0, 0.283, 0.283, 0.283], [1.0, 0.0, 0.0, 0.0, 0.0, 0.283, 0.283, 0.283]]	
('1046651', '6234630', '2173432', '37412717,3455380')	rank:9	pos:2	terms:5	frequency:0	score:1	aggr:[[1.0, 0.0, 0.0, 0.0, 0.0, 0.283, 0.283, 0.283], [1.0, 0.0, 0.0, 0.0, 0.0, 0.283, 0.283, 0.283], [1.0, 0.0, 0.0, 0.0, 0.0, 0.283, 0.283, 0.283], [1.0, 0.0, 0.0, 0.0, 0.0, 0.283, 0.283, 0.283], [1.0, 0.0, 0.0, 0.0, 0.0, 0.283, 0.283, 0.283], [1.0, 0.0, 0.0, 0.0, 0.0, 0.283, 0.283, 0.283], [1.0, 0.0, 0.0, 0.0, 0.0, 0.283, 0.283, 0.283], [1.0, 0.0, 0.0, 0.0, 0.0, 0.283, 0.283, 0.283]]	
('1046651', '6234630', '2173432', '22900301,2305482')	rank:10	pos:2	terms:5	frequency:0	score:1	aggr:[[1.0, 0.0, 0.0, 0.0, 0.0, 0.22104761904761905, 0.07075, 0.07075], [1.0, 0.0, 0.0, 0.0, 0.0, 0.283, 0.283, 0.283], [1.0, 0.0, 0.0, 0.0, 0.0, 0.283, 0.283, 0.283], [1.0, 0.0, 0.0, 0.0, 0.0, 0.283, 0.283, 0.283], [1.0, 0.0, 0.0, 0.0, 0.0, 0.22104761904761905, 0.07075, 0.07075], [1.0, 0.0, 0.0, 0.0, 0.0, 0.283, 0.283, 0.283], [1.0, 0.0, 0.0, 0.0, 0.0, 0.283, 0.283, 0.283], [1.0, 0.0, 0.0, 0.0, 0.0, 0.283, 0.283, 0.283]]	
('1046651', '6234630', '2004867', '17956691,1887339')	rank:1	pos:3	terms:6	frequency:0	score:5	aggr:[[0.9333333333333333, 0.06666666666666667, 0.0, 0.0, 0.0, 0.23682751322751325, 0.048322222222222225, 0.009433333333333332], [1.0, 0.0, 0.0, 0.0, 0.0, 0.283, 0.283, 0.283], [1.0, 0.0, 0.0, 0.0, 0.0, 0.283, 0.283, 0.283], [1.0, 0.0, 0.0, 0.0, 0.0, 0.283, 0.283, 0.283], [0.9333333333333333, 0.06666666666666667, 0.0, 0.0, 0.0, 0.23682751322751325, 0.048322222222222225, 0.009433333333333332], [1.0, 0.0, 0.0, 0.0, 0.0, 0.283, 0.283, 0.283], [1.0, 0.0, 0.0, 0.0, 0.0, 0.283, 0.283, 0.283], [1.0, 0.0, 0.0, 0.0, 0.0, 0.283, 0.283, 0.283]]	
('1046651', '6234630', '2004867', '14290494,1469421')	rank:2	pos:3	terms:6	frequency:0	score:1	aggr:[[0.75, 0.0625, 0.0625, 0.0, 0.125, 0.15456746031746033, 0.048937499999999995, 0.1739375], [1.0, 0.0, 0.0, 0.0, 0.0, 0.283, 0.283, 0.283], [1.0, 0.0, 0.0, 0.0, 0.0, 0.283, 0.283, 0.283], [1.0, 0.0, 0.0, 0.0, 0.0, 0.283, 0.283, 0.283], [0.75, 0.0625, 0.0625, 0.0, 0.125, 0.15456746031746033, 0.048937499999999995, 0.1739375], [1.0, 0.0, 0.0, 0.0, 0.0, 0.283, 0.283, 0.283], [1.0, 0.0, 0.0, 0.0, 0.0, 0.283, 0.283, 0.283], [1.0, 0.0, 0.0, 0.0, 0.0, 0.283, 0.283, 0.283]]	
('1046651', '6234630', '2004867', '23591256,2365150')	rank:3	pos:3	terms:6	frequency:0	score:1	aggr:[[0.6190476190476191, 0.3333333333333333, 0.0, 0.047619047619047616, 0.0, 0.18424338624338624, 0.14442857142857143, 0.06109523809523809], [1.0, 0.0, 0.0, 0.0, 0.0, 0.283, 0.283, 0.283], [1.0, 0.0, 0.0, 0.0, 0.0, 0.283, 0.283, 0.283], [1.0, 0.0, 0.0, 0.0, 0.0, 0.283, 0.283, 0.283], [0.6190476190476191, 0.3333333333333333, 0.0, 0.047619047619047616, 0.0, 0.18424338624338624, 0.14442857142857143, 0.06109523809523809], [1.0, 0.0, 0.0, 0.0, 0.0, 0.283, 0.283, 0.283], [1.0, 0.0, 0.0, 0.0, 0.0, 0.283, 0.283, 0.283], [1.0, 0.0, 0.0, 0.0, 0.0, 0.283, 0.283, 0.283]]	
('1046651', '6234630', '2004867', '57983577,4570820')	rank:4	pos:3	terms:6	frequency:0	score:1	aggr:[[1.0, 0.0, 0.0, 0.0, 0.0, 0.19705555555555554, 0.1415, 0.1415], [1.0, 0.0, 0.0, 0.0, 0.0, 0.283, 0.283, 0.283], [1.0, 0.0, 0.0, 0.0, 0.0, 0.283, 0.283, 0.283], [1.0, 0.0, 0.0, 0.0, 0.0, 0.283, 0.283, 0.283], [1.0, 0.0, 0.0, 0.0, 0.0, 0.19705555555555554, 0.1415, 0.1415], [1.0, 0.0, 0.0, 0.0, 0.0, 0.283, 0.283, 0.283], [1.0, 0.0, 0.0, 0.0, 0.0, 0.283, 0.283, 0.283], [1.0, 0.0, 0.0, 0.0, 0.0, 0.283, 0.283, 0.283]]	
('1046651', '6234630', '2004867', '19402457,2017204')	rank:5	pos:3	terms:6	frequency:0	score:1	aggr:[[0.9375, 0.0, 0.0, 0.0, 0.0625, 0.19119940476190478, 0.0176875, 0.033312499999999995], [1.0, 0.0, 0.0, 0.0, 0.0, 0.283, 0.283, 0.283], [1.0, 0.0, 0.0, 0.0, 0.0, 0.283, 0.283, 0.283], [1.0, 0.0, 0.0, 0.0, 0.0, 0.283, 0.283, 0.283], [0.9375, 0.0, 0.0, 0.0, 0.0625, 0.19119940476190478, 0.0176875, 0.033312499999999995], [1.0, 0.0, 0.0, 0.0, 0.0, 0.283, 0.283, 0.283], [1.0, 0.0, 0.0, 0.0, 0.0, 0.283, 0.283, 0.283], [1.0, 0.0, 0.0, 0.0, 0.0, 0.283, 0.283, 0.283]]	
('1046651', '6234630', '2004867', '46505176,3973144')	rank:6	pos:3	terms:6	frequency:0	score:1	aggr:[[1.0, 0.0, 0.0, 0.0, 0.0, 0.283, 0.283, 0.283], [1.0, 0.0, 0.0, 0.0, 0.0, 0.283, 0.283, 0.283], [1.0, 0.0, 0.0, 0.0, 0.0, 0.283, 0.283, 0.283], [1.0, 0.0, 0.0, 0.0, 0.0, 0.283, 0.283, 0.283], [1.0, 0.0, 0.0, 0.0, 0.0, 0.283, 0.283, 0.283], [1.0, 0.0, 0.0, 0.0, 0.0, 0.283, 0.283, 0.283], [1.0, 0.0, 0.0, 0.0, 0.0, 0.283, 0.283, 0.283], [1.0, 0.0, 0.0, 0.0, 0.0, 0.283, 0.283, 0.283]]	
('1046651', '6234630', '2004867', '44732901,3881104')	rank:7	pos:3	terms:6	frequency:0	score:1	aggr:[[0.75, 0.25, 0.0, 0.0, 0.0, 0.17024603174603173, 0.11349999999999999, 0.035375], [1.0, 0.0, 0.0, 0.0, 0.0, 0.283, 0.283, 0.283], [1.0, 0.0, 0.0, 0.0, 0.0, 0.283, 0.283, 0.283], [1.0, 0.0, 0.0, 0.0, 0.0, 0.283, 0.283, 0.283], [0.75, 0.25, 0.0, 0.0, 0.0, 0.17024603174603173, 0.11349999999999999, 0.035375], [1.0, 0.0, 0.0, 0.0, 0.0, 0.283, 0.283, 0.283], [1.0, 0.0, 0.0, 0.0, 0.0, 0.283, 0.283, 0.283], [1.0, 0.0, 0.0, 0.0, 0.0, 0.283, 0.283, 0.283]]	
('1046651', '6234630', '2004867', '18389563,1937492')	rank:8	pos:3	terms:6	frequency:0	score:1	aggr:[[1.0, 0.0, 0.0, 0.0, 0.0, 0.22104761904761905, 0.07075, 0.07075], [1.0, 0.0, 0.0, 0.0, 0.0, 0.283, 0.283, 0.283], [1.0, 0.0, 0.0, 0.0, 0.0, 0.283, 0.283, 0.283], [1.0, 0.0, 0.0, 0.0, 0.0, 0.283, 0.283, 0.283], [1.0, 0.0, 0.0, 0.0, 0.0, 0.22104761904761905, 0.07075, 0.07075], [1.0, 0.0, 0.0, 0.0, 0.0, 0.283, 0.283, 0.283], [1.0, 0.0, 0.0, 0.0, 0.0, 0.283, 0.283, 0.283], [1.0, 0.0, 0.0, 0.0, 0.0, 0.283, 0.283, 0.283]]	
('1046651', '6234630', '2004867', '30980638,3033549')	rank:9	pos:3	terms:6	frequency:0	score:1	aggr:[[1.0, 0.0, 0.0, 0.0, 0.0, 0.283, 0.283, 0.283], [1.0, 0.0, 0.0, 0.0, 0.0, 0.283, 0.283, 0.283], [1.0, 0.0, 0.0, 0.0, 0.0, 0.283, 0.283, 0.283], [1.0, 0.0, 0.0, 0.0, 0.0, 0.283, 0.283, 0.283], [1.0, 0.0, 0.0, 0.0, 0.0, 0.283, 0.283, 0.283], [1.0, 0.0, 0.0, 0.0, 0.0, 0.283, 0.283, 0.283], [1.0, 0.0, 0.0, 0.0, 0.0, 0.283, 0.283, 0.283], [1.0, 0.0, 0.0, 0.0, 0.0, 0.283, 0.283, 0.283]]	
('1046651', '6234630', '2004867', '6633419,829050')	rank:10	pos:3	terms:6	frequency:0	score:1	aggr:[[1.0, 0.0, 0.0, 0.0, 0.0, 0.283, 0.283, 0.283], [1.0, 0.0, 0.0, 0.0, 0.0, 0.283, 0.283, 0.283], [1.0, 0.0, 0.0, 0.0, 0.0, 0.283, 0.283, 0.283], [1.0, 0.0, 0.0, 0.0, 0.0, 0.283, 0.283, 0.283], [1.0, 0.0, 0.0, 0.0, 0.0, 0.283, 0.283, 0.283], [1.0, 0.0, 0.0, 0.0, 0.0, 0.283, 0.283, 0.283], [1.0, 0.0, 0.0, 0.0, 0.0, 0.283, 0.283, 0.283], [1.0, 0.0, 0.0, 0.0, 0.0, 0.283, 0.283, 0.283]]	
