num_query:3	num_avg_terms:2.33333333333	num_clicks6:1	num_clicks35:2	num_clicks12:3	
('131175', '780471', '15370269', '15060285,1551582')	rank:1	pos:1	terms:4	frequency:0	score:2	aggr:[[1.0, 0.0, 0.0, 0.0, 0.0, 0.602, 0.07075, 0.07075], [1.0, 0.0, 0.0, 0.0, 0.0, 0.4693333333333333, 0.09433333333333332, 0.09433333333333332], [1.0, 0.0, 0.0, 0.0, 0.0, 0.283, 0.283, 0.283], [1.0, 0.0, 0.0, 0.0, 0.0, 0.283, 0.283, 0.283], [1.0, 0.0, 0.0, 0.0, 0.0, 0.602, 0.07075, 0.07075], [1.0, 0.0, 0.0, 0.0, 0.0, 0.4693333333333333, 0.09433333333333332, 0.09433333333333332], [1.0, 0.0, 0.0, 0.0, 0.0, 0.283, 0.283, 0.283], [1.0, 0.0, 0.0, 0.0, 0.0, 0.283, 0.283, 0.283]]	
('131175', '780471', '15370269', '19583042,2024884')	rank:2	pos:1	terms:4	frequency:0	score:5	aggr:[[0.7972972972972973, 0.10810810810810811, 0.013513513513513514, 0.013513513513513514, 0.06756756756756757, 0.24450429000428997, 0.09391441441441441, 0.08265315315315314], [0.6666666666666666, 0.0, 0.0, 0.0, 0.3333333333333333, 0.14195238095238094, 0.09433333333333332, 0.42766666666666664], [1.0, 0.0, 0.0, 0.0, 0.0, 0.283, 0.283, 0.283], [1.0, 0.0, 0.0, 0.0, 0.0, 0.283, 0.283, 0.283], [0.7972972972972973, 0.10810810810810811, 0.013513513513513514, 0.013513513513513514, 0.06756756756756757, 0.24450429000428997, 0.09391441441441441, 0.08265315315315314], [0.6666666666666666, 0.0, 0.0, 0.0, 0.3333333333333333, 0.14195238095238094, 0.09433333333333332, 0.42766666666666664], [1.0, 0.0, 0.0, 0.0, 0.0, 0.283, 0.283, 0.283], [1.0, 0.0, 0.0, 0.0, 0.0, 0.283, 0.283, 0.283]]	
('131175', '780471', '15370269', '49613688,4163061')	rank:3	pos:1	terms:4	frequency:0	score:1	aggr:[[0.9285714285714286, 0.0, 0.0, 0.07142857142857142, 0.0, 0.3669263038548753, 0.020214285714285712, 0.032119047619047617], [1.0, 0.0, 0.0, 0.0, 0.0, 0.5454888888888889, 0.0566, 0.0566], [1.0, 0.0, 0.0, 0.0, 0.0, 0.283, 0.283, 0.283], [1.0, 0.0, 0.0, 0.0, 0.0, 0.283, 0.283, 0.283], [0.9285714285714286, 0.0, 0.0, 0.07142857142857142, 0.0, 0.3669263038548753, 0.020214285714285712, 0.032119047619047617], [1.0, 0.0, 0.0, 0.0, 0.0, 0.5454888888888889, 0.0566, 0.0566], [1.0, 0.0, 0.0, 0.0, 0.0, 0.283, 0.283, 0.283], [1.0, 0.0, 0.0, 0.0, 0.0, 0.283, 0.283, 0.283]]	
('131175', '780471', '15370269', '4733331,630695')	rank:4	pos:1	terms:4	frequency:0	score:1	aggr:[[1.0, 0.0, 0.0, 0.0, 0.0, 0.283, 0.283, 0.283], [1.0, 0.0, 0.0, 0.0, 0.0, 0.283, 0.283, 0.283], [1.0, 0.0, 0.0, 0.0, 0.0, 0.283, 0.283, 0.283], [1.0, 0.0, 0.0, 0.0, 0.0, 0.283, 0.283, 0.283], [1.0, 0.0, 0.0, 0.0, 0.0, 0.283, 0.283, 0.283], [1.0, 0.0, 0.0, 0.0, 0.0, 0.283, 0.283, 0.283], [1.0, 0.0, 0.0, 0.0, 0.0, 0.283, 0.283, 0.283], [1.0, 0.0, 0.0, 0.0, 0.0, 0.283, 0.283, 0.283]]	
('131175', '780471', '15370269', '66206099,5005153')	rank:5	pos:1	terms:4	frequency:0	score:1	aggr:[[0.75, 0.25, 0.0, 0.0, 0.0, 0.15824999999999997, 0.19574999999999998, 0.07075], [1.0, 0.0, 0.0, 0.0, 0.0, 0.26649999999999996, 0.1415, 0.1415], [1.0, 0.0, 0.0, 0.0, 0.0, 0.283, 0.283, 0.283], [1.0, 0.0, 0.0, 0.0, 0.0, 0.283, 0.283, 0.283], [0.75, 0.25, 0.0, 0.0, 0.0, 0.15824999999999997, 0.19574999999999998, 0.07075], [1.0, 0.0, 0.0, 0.0, 0.0, 0.26649999999999996, 0.1415, 0.1415], [1.0, 0.0, 0.0, 0.0, 0.0, 0.283, 0.283, 0.283], [1.0, 0.0, 0.0, 0.0, 0.0, 0.283, 0.283, 0.283]]	
('131175', '780471', '15370269', '21612678,2220509')	rank:6	pos:1	terms:4	frequency:0	score:1	aggr:[[1.0, 0.0, 0.0, 0.0, 0.0, 0.3030222222222222, 0.0283, 0.0283], [1.0, 0.0, 0.0, 0.0, 0.0, 0.283, 0.283, 0.283], [1.0, 0.0, 0.0, 0.0, 0.0, 0.283, 0.283, 0.283], [1.0, 0.0, 0.0, 0.0, 0.0, 0.283, 0.283, 0.283], [1.0, 0.0, 0.0, 0.0, 0.0, 0.3030222222222222, 0.0283, 0.0283], [1.0, 0.0, 0.0, 0.0, 0.0, 0.283, 0.283, 0.283], [1.0, 0.0, 0.0, 0.0, 0.0, 0.283, 0.283, 0.283], [1.0, 0.0, 0.0, 0.0, 0.0, 0.283, 0.283, 0.283]]	
('131175', '780471', '15370269', '50646825,4217840')	rank:7	pos:1	terms:4	frequency:0	score:1	aggr:[[1.0, 0.0, 0.0, 0.0, 0.0, 0.16933333333333334, 0.09433333333333332, 0.09433333333333332], [1.0, 0.0, 0.0, 0.0, 0.0, 0.283, 0.283, 0.283], [1.0, 0.0, 0.0, 0.0, 0.0, 0.283, 0.283, 0.283], [1.0, 0.0, 0.0, 0.0, 0.0, 0.283, 0.283, 0.283], [1.0, 0.0, 0.0, 0.0, 0.0, 0.16933333333333334, 0.09433333333333332, 0.09433333333333332], [1.0, 0.0, 0.0, 0.0, 0.0, 0.283, 0.283, 0.283], [1.0, 0.0, 0.0, 0.0, 0.0, 0.283, 0.283, 0.283], [1.0, 0.0, 0.0, 0.0, 0.0, 0.283, 0.283, 0.283]]	
('131175', '780471', '15370269', '8878898,1039475')	rank:8	pos:1	terms:4	frequency:0	score:1	aggr:[[1.0, 0.0, 0.0, 0.0, 0.0, 0.283, 0.283, 0.283], [1.0, 0.0, 0.0, 0.0, 0.0, 0.283, 0.283, 0.283], [1.0, 0.0, 0.0, 0.0, 0.0, 0.283, 0.283, 0.283], [1.0, 0.0, 0.0, 0.0, 0.0, 0.283, 0.283, 0.283], [1.0, 0.0, 0.0, 0.0, 0.0, 0.283, 0.283, 0.283], [1.0, 0.0, 0.0, 0.0, 0.0, 0.283, 0.283, 0.283], [1.0, 0.0, 0.0, 0.0, 0.0, 0.283, 0.283, 0.283], [1.0, 0.0, 0.0, 0.0, 0.0, 0.283, 0.283, 0.283]]	
('131175', '780471', '15370269', '3156100,436917')	rank:9	pos:1	terms:4	frequency:0	score:1	aggr:[[1.0, 0.0, 0.0, 0.0, 0.0, 0.22483333333333333, 0.1415, 0.1415], [1.0, 0.0, 0.0, 0.0, 0.0, 0.22483333333333333, 0.1415, 0.1415], [1.0, 0.0, 0.0, 0.0, 0.0, 0.283, 0.283, 0.283], [1.0, 0.0, 0.0, 0.0, 0.0, 0.283, 0.283, 0.283], [1.0, 0.0, 0.0, 0.0, 0.0, 0.22483333333333333, 0.1415, 0.1415], [1.0, 0.0, 0.0, 0.0, 0.0, 0.22483333333333333, 0.1415, 0.1415], [1.0, 0.0, 0.0, 0.0, 0.0, 0.283, 0.283, 0.283], [1.0, 0.0, 0.0, 0.0, 0.0, 0.283, 0.283, 0.283]]	
('131175', '780471', '15370269', '21561109,2218279')	rank:10	pos:1	terms:4	frequency:0	score:1	aggr:[[1.0, 0.0, 0.0, 0.0, 0.0, 0.22483333333333333, 0.1415, 0.1415], [1.0, 0.0, 0.0, 0.0, 0.0, 0.22483333333333333, 0.1415, 0.1415], [1.0, 0.0, 0.0, 0.0, 0.0, 0.283, 0.283, 0.283], [1.0, 0.0, 0.0, 0.0, 0.0, 0.283, 0.283, 0.283], [1.0, 0.0, 0.0, 0.0, 0.0, 0.22483333333333333, 0.1415, 0.1415], [1.0, 0.0, 0.0, 0.0, 0.0, 0.22483333333333333, 0.1415, 0.1415], [1.0, 0.0, 0.0, 0.0, 0.0, 0.283, 0.283, 0.283], [1.0, 0.0, 0.0, 0.0, 0.0, 0.283, 0.283, 0.283]]	
('131175', '780472', '7279573', '51305729,4247054')	rank:1	pos:1	terms:4	frequency:0	score:5	aggr:[[0.8461538461538461, 0.07692307692307693, 0.0, 0.0, 0.07692307692307693, 0.17891208791208793, 0.09869230769230769, 0.032758241758241755], [1.0, 0.0, 0.0, 0.0, 0.0, 0.283, 0.283, 0.283], [1.0, 0.0, 0.0, 0.0, 0.0, 0.283, 0.283, 0.283], [1.0, 0.0, 0.0, 0.0, 0.0, 0.283, 0.283, 0.283], [0.8461538461538461, 0.07692307692307693, 0.0, 0.0, 0.07692307692307693, 0.17891208791208793, 0.09869230769230769, 0.032758241758241755], [1.0, 0.0, 0.0, 0.0, 0.0, 0.283, 0.283, 0.283], [1.0, 0.0, 0.0, 0.0, 0.0, 0.283, 0.283, 0.283], [1.0, 0.0, 0.0, 0.0, 0.0, 0.283, 0.283, 0.283]]	
('131175', '780472', '7279573', '30438208,2954164')	rank:2	pos:1	terms:4	frequency:0	score:2	aggr:[[1.0, 0.0, 0.0, 0.0, 0.0, 0.283, 0.283, 0.283], [1.0, 0.0, 0.0, 0.0, 0.0, 0.283, 0.283, 0.283], [1.0, 0.0, 0.0, 0.0, 0.0, 0.283, 0.283, 0.283], [1.0, 0.0, 0.0, 0.0, 0.0, 0.283, 0.283, 0.283], [1.0, 0.0, 0.0, 0.0, 0.0, 0.283, 0.283, 0.283], [1.0, 0.0, 0.0, 0.0, 0.0, 0.283, 0.283, 0.283], [1.0, 0.0, 0.0, 0.0, 0.0, 0.283, 0.283, 0.283], [1.0, 0.0, 0.0, 0.0, 0.0, 0.283, 0.283, 0.283]]	
('131175', '780472', '7279573', '68730397,5143858')	rank:3	pos:1	terms:4	frequency:0	score:4	aggr:[[1.0, 0.0, 0.0, 0.0, 0.0, 0.283, 0.283, 0.283], [1.0, 0.0, 0.0, 0.0, 0.0, 0.283, 0.283, 0.283], [1.0, 0.0, 0.0, 0.0, 0.0, 0.283, 0.283, 0.283], [1.0, 0.0, 0.0, 0.0, 0.0, 0.283, 0.283, 0.283], [1.0, 0.0, 0.0, 0.0, 0.0, 0.283, 0.283, 0.283], [1.0, 0.0, 0.0, 0.0, 0.0, 0.283, 0.283, 0.283], [1.0, 0.0, 0.0, 0.0, 0.0, 0.283, 0.283, 0.283], [1.0, 0.0, 0.0, 0.0, 0.0, 0.283, 0.283, 0.283]]	
('131175', '780472', '7279573', '1527025,221647')	rank:4	pos:1	terms:4	frequency:0	score:2	aggr:[[1.0, 0.0, 0.0, 0.0, 0.0, 0.283, 0.283, 0.283], [1.0, 0.0, 0.0, 0.0, 0.0, 0.283, 0.283, 0.283], [1.0, 0.0, 0.0, 0.0, 0.0, 0.283, 0.283, 0.283], [1.0, 0.0, 0.0, 0.0, 0.0, 0.283, 0.283, 0.283], [1.0, 0.0, 0.0, 0.0, 0.0, 0.283, 0.283, 0.283], [1.0, 0.0, 0.0, 0.0, 0.0, 0.283, 0.283, 0.283], [1.0, 0.0, 0.0, 0.0, 0.0, 0.283, 0.283, 0.283], [1.0, 0.0, 0.0, 0.0, 0.0, 0.283, 0.283, 0.283]]	
('131175', '780472', '7279573', '29720795,2879295')	rank:5	pos:1	terms:4	frequency:0	score:2	aggr:[[1.0, 0.0, 0.0, 0.0, 0.0, 0.283, 0.283, 0.283], [1.0, 0.0, 0.0, 0.0, 0.0, 0.283, 0.283, 0.283], [1.0, 0.0, 0.0, 0.0, 0.0, 0.283, 0.283, 0.283], [1.0, 0.0, 0.0, 0.0, 0.0, 0.283, 0.283, 0.283], [1.0, 0.0, 0.0, 0.0, 0.0, 0.283, 0.283, 0.283], [1.0, 0.0, 0.0, 0.0, 0.0, 0.283, 0.283, 0.283], [1.0, 0.0, 0.0, 0.0, 0.0, 0.283, 0.283, 0.283], [1.0, 0.0, 0.0, 0.0, 0.0, 0.283, 0.283, 0.283]]	
('131175', '780472', '7279573', '15726079,1623567')	rank:6	pos:1	terms:4	frequency:0	score:5	aggr:[[1.0, 0.0, 0.0, 0.0, 0.0, 0.283, 0.283, 0.283], [1.0, 0.0, 0.0, 0.0, 0.0, 0.283, 0.283, 0.283], [1.0, 0.0, 0.0, 0.0, 0.0, 0.283, 0.283, 0.283], [1.0, 0.0, 0.0, 0.0, 0.0, 0.283, 0.283, 0.283], [1.0, 0.0, 0.0, 0.0, 0.0, 0.283, 0.283, 0.283], [1.0, 0.0, 0.0, 0.0, 0.0, 0.283, 0.283, 0.283], [1.0, 0.0, 0.0, 0.0, 0.0, 0.283, 0.283, 0.283], [1.0, 0.0, 0.0, 0.0, 0.0, 0.283, 0.283, 0.283]]	
('131175', '780472', '7279573', '50263558,4206145')	rank:7	pos:1	terms:4	frequency:0	score:2	aggr:[[0.9, 0.1, 0.0, 0.0, 0.0, 0.2365936507936508, 0.0783, 0.0283], [1.0, 0.0, 0.0, 0.0, 0.0, 0.283, 0.283, 0.283], [1.0, 0.0, 0.0, 0.0, 0.0, 0.283, 0.283, 0.283], [1.0, 0.0, 0.0, 0.0, 0.0, 0.283, 0.283, 0.283], [0.9, 0.1, 0.0, 0.0, 0.0, 0.2365936507936508, 0.0783, 0.0283], [1.0, 0.0, 0.0, 0.0, 0.0, 0.283, 0.283, 0.283], [1.0, 0.0, 0.0, 0.0, 0.0, 0.283, 0.283, 0.283], [1.0, 0.0, 0.0, 0.0, 0.0, 0.283, 0.283, 0.283]]	
('131175', '780472', '7279573', '67297093,5063480')	rank:8	pos:1	terms:4	frequency:0	score:4	aggr:[[1.0, 0.0, 0.0, 0.0, 0.0, 0.283, 0.283, 0.283], [1.0, 0.0, 0.0, 0.0, 0.0, 0.283, 0.283, 0.283], [1.0, 0.0, 0.0, 0.0, 0.0, 0.283, 0.283, 0.283], [1.0, 0.0, 0.0, 0.0, 0.0, 0.283, 0.283, 0.283], [1.0, 0.0, 0.0, 0.0, 0.0, 0.283, 0.283, 0.283], [1.0, 0.0, 0.0, 0.0, 0.0, 0.283, 0.283, 0.283], [1.0, 0.0, 0.0, 0.0, 0.0, 0.283, 0.283, 0.283], [1.0, 0.0, 0.0, 0.0, 0.0, 0.283, 0.283, 0.283]]	
('131175', '780472', '7279573', '64067655,4875679')	rank:9	pos:1	terms:4	frequency:0	score:4	aggr:[[1.0, 0.0, 0.0, 0.0, 0.0, 0.283, 0.283, 0.283], [1.0, 0.0, 0.0, 0.0, 0.0, 0.283, 0.283, 0.283], [1.0, 0.0, 0.0, 0.0, 0.0, 0.283, 0.283, 0.283], [1.0, 0.0, 0.0, 0.0, 0.0, 0.283, 0.283, 0.283], [1.0, 0.0, 0.0, 0.0, 0.0, 0.283, 0.283, 0.283], [1.0, 0.0, 0.0, 0.0, 0.0, 0.283, 0.283, 0.283], [1.0, 0.0, 0.0, 0.0, 0.0, 0.283, 0.283, 0.283], [1.0, 0.0, 0.0, 0.0, 0.0, 0.283, 0.283, 0.283]]	
('131175', '780472', '7279573', '55392551,4438002')	rank:10	pos:1	terms:4	frequency:0	score:5	aggr:[[1.0, 0.0, 0.0, 0.0, 0.0, 0.19705555555555554, 0.1415, 0.1415], [1.0, 0.0, 0.0, 0.0, 0.0, 0.283, 0.283, 0.283], [1.0, 0.0, 0.0, 0.0, 0.0, 0.283, 0.283, 0.283], [1.0, 0.0, 0.0, 0.0, 0.0, 0.283, 0.283, 0.283], [1.0, 0.0, 0.0, 0.0, 0.0, 0.19705555555555554, 0.1415, 0.1415], [1.0, 0.0, 0.0, 0.0, 0.0, 0.283, 0.283, 0.283], [1.0, 0.0, 0.0, 0.0, 0.0, 0.283, 0.283, 0.283], [1.0, 0.0, 0.0, 0.0, 0.0, 0.283, 0.283, 0.283]]	
('131175', '780473', '2552080', '46225354,3959876')	rank:1	pos:1	terms:2	frequency:0	score:5	aggr:[[1.0, 0.0, 0.0, 0.0, 0.0, 0.30816666666666664, 0.1415, 0.1415], [1.0, 0.0, 0.0, 0.0, 0.0, 0.283, 0.283, 0.283], [1.0, 0.0, 0.0, 0.0, 0.0, 0.283, 0.283, 0.283], [1.0, 0.0, 0.0, 0.0, 0.0, 0.283, 0.283, 0.283], [1.0, 0.0, 0.0, 0.0, 0.0, 0.30816666666666664, 0.1415, 0.1415], [1.0, 0.0, 0.0, 0.0, 0.0, 0.283, 0.283, 0.283], [1.0, 0.0, 0.0, 0.0, 0.0, 0.283, 0.283, 0.283], [1.0, 0.0, 0.0, 0.0, 0.0, 0.283, 0.283, 0.283]]	
('131175', '780473', '2552080', '52240103,4294803')	rank:2	pos:1	terms:2	frequency:0	score:1	aggr:[[0.7142857142857143, 0.14285714285714285, 0.14285714285714285, 0.0, 0.0, 0.3201904761904762, 0.07614285714285714, 0.18328571428571427], [1.0, 0.0, 0.0, 0.0, 0.0, 0.283, 0.283, 0.283], [1.0, 0.0, 0.0, 0.0, 0.0, 0.283, 0.283, 0.283], [1.0, 0.0, 0.0, 0.0, 0.0, 0.283, 0.283, 0.283], [0.7142857142857143, 0.14285714285714285, 0.14285714285714285, 0.0, 0.0, 0.3201904761904762, 0.07614285714285714, 0.18328571428571427], [1.0, 0.0, 0.0, 0.0, 0.0, 0.283, 0.283, 0.283], [1.0, 0.0, 0.0, 0.0, 0.0, 0.283, 0.283, 0.283], [1.0, 0.0, 0.0, 0.0, 0.0, 0.283, 0.283, 0.283]]	
('131175', '780473', '2552080', '9445300,1079784')	rank:3	pos:1	terms:2	frequency:0	score:1	aggr:[[1.0, 0.0, 0.0, 0.0, 0.0, 0.283, 0.283, 0.283], [1.0, 0.0, 0.0, 0.0, 0.0, 0.283, 0.283, 0.283], [1.0, 0.0, 0.0, 0.0, 0.0, 0.283, 0.283, 0.283], [1.0, 0.0, 0.0, 0.0, 0.0, 0.283, 0.283, 0.283], [1.0, 0.0, 0.0, 0.0, 0.0, 0.283, 0.283, 0.283], [1.0, 0.0, 0.0, 0.0, 0.0, 0.283, 0.283, 0.283], [1.0, 0.0, 0.0, 0.0, 0.0, 0.283, 0.283, 0.283], [1.0, 0.0, 0.0, 0.0, 0.0, 0.283, 0.283, 0.283]]	
('131175', '780473', '2552080', '35443732,3339757')	rank:4	pos:1	terms:2	frequency:0	score:1	aggr:[[1.0, 0.0, 0.0, 0.0, 0.0, 0.2783, 0.0283, 0.0283], [1.0, 0.0, 0.0, 0.0, 0.0, 0.283, 0.283, 0.283], [1.0, 0.0, 0.0, 0.0, 0.0, 0.283, 0.283, 0.283], [1.0, 0.0, 0.0, 0.0, 0.0, 0.283, 0.283, 0.283], [1.0, 0.0, 0.0, 0.0, 0.0, 0.2783, 0.0283, 0.0283], [1.0, 0.0, 0.0, 0.0, 0.0, 0.283, 0.283, 0.283], [1.0, 0.0, 0.0, 0.0, 0.0, 0.283, 0.283, 0.283], [1.0, 0.0, 0.0, 0.0, 0.0, 0.283, 0.283, 0.283]]	
('131175', '780473', '2552080', '62008716,4771544')	rank:5	pos:1	terms:2	frequency:0	score:1	aggr:[[1.0, 0.0, 0.0, 0.0, 0.0, 0.283, 0.283, 0.283], [1.0, 0.0, 0.0, 0.0, 0.0, 0.283, 0.283, 0.283], [1.0, 0.0, 0.0, 0.0, 0.0, 0.283, 0.283, 0.283], [1.0, 0.0, 0.0, 0.0, 0.0, 0.283, 0.283, 0.283], [1.0, 0.0, 0.0, 0.0, 0.0, 0.283, 0.283, 0.283], [1.0, 0.0, 0.0, 0.0, 0.0, 0.283, 0.283, 0.283], [1.0, 0.0, 0.0, 0.0, 0.0, 0.283, 0.283, 0.283], [1.0, 0.0, 0.0, 0.0, 0.0, 0.283, 0.283, 0.283]]	
('131175', '780473', '2552080', '30483711,2962437')	rank:6	pos:1	terms:2	frequency:0	score:1	aggr:[[1.0, 0.0, 0.0, 0.0, 0.0, 0.283, 0.283, 0.283], [1.0, 0.0, 0.0, 0.0, 0.0, 0.283, 0.283, 0.283], [1.0, 0.0, 0.0, 0.0, 0.0, 0.283, 0.283, 0.283], [1.0, 0.0, 0.0, 0.0, 0.0, 0.283, 0.283, 0.283], [1.0, 0.0, 0.0, 0.0, 0.0, 0.283, 0.283, 0.283], [1.0, 0.0, 0.0, 0.0, 0.0, 0.283, 0.283, 0.283], [1.0, 0.0, 0.0, 0.0, 0.0, 0.283, 0.283, 0.283], [1.0, 0.0, 0.0, 0.0, 0.0, 0.283, 0.283, 0.283]]	
('131175', '780473', '2552080', '13785911,1411423')	rank:7	pos:1	terms:2	frequency:0	score:1	aggr:[[1.0, 0.0, 0.0, 0.0, 0.0, 0.22483333333333333, 0.1415, 0.1415], [1.0, 0.0, 0.0, 0.0, 0.0, 0.22483333333333333, 0.1415, 0.1415], [1.0, 0.0, 0.0, 0.0, 0.0, 0.283, 0.283, 0.283], [1.0, 0.0, 0.0, 0.0, 0.0, 0.283, 0.283, 0.283], [1.0, 0.0, 0.0, 0.0, 0.0, 0.22483333333333333, 0.1415, 0.1415], [1.0, 0.0, 0.0, 0.0, 0.0, 0.22483333333333333, 0.1415, 0.1415], [1.0, 0.0, 0.0, 0.0, 0.0, 0.283, 0.283, 0.283], [1.0, 0.0, 0.0, 0.0, 0.0, 0.283, 0.283, 0.283]]	
('131175', '780473', '2552080', '10437420,1089830')	rank:8	pos:1	terms:2	frequency:0	score:1	aggr:[[1.0, 0.0, 0.0, 0.0, 0.0, 0.283, 0.283, 0.283], [1.0, 0.0, 0.0, 0.0, 0.0, 0.283, 0.283, 0.283], [1.0, 0.0, 0.0, 0.0, 0.0, 0.283, 0.283, 0.283], [1.0, 0.0, 0.0, 0.0, 0.0, 0.283, 0.283, 0.283], [1.0, 0.0, 0.0, 0.0, 0.0, 0.283, 0.283, 0.283], [1.0, 0.0, 0.0, 0.0, 0.0, 0.283, 0.283, 0.283], [1.0, 0.0, 0.0, 0.0, 0.0, 0.283, 0.283, 0.283], [1.0, 0.0, 0.0, 0.0, 0.0, 0.283, 0.283, 0.283]]	
('131175', '780473', '2552080', '30312846,2938326')	rank:9	pos:1	terms:2	frequency:0	score:1	aggr:[[0.9444444444444444, 0.0, 0.0, 0.0, 0.05555555555555555, 0.14987125220458555, 0.01572222222222222, 0.02189506172839506], [1.0, 0.0, 0.0, 0.0, 0.0, 0.283, 0.283, 0.283], [1.0, 0.0, 0.0, 0.0, 0.0, 0.283, 0.283, 0.283], [1.0, 0.0, 0.0, 0.0, 0.0, 0.283, 0.283, 0.283], [0.9444444444444444, 0.0, 0.0, 0.0, 0.05555555555555555, 0.14987125220458555, 0.01572222222222222, 0.02189506172839506], [1.0, 0.0, 0.0, 0.0, 0.0, 0.283, 0.283, 0.283], [1.0, 0.0, 0.0, 0.0, 0.0, 0.283, 0.283, 0.283], [1.0, 0.0, 0.0, 0.0, 0.0, 0.283, 0.283, 0.283]]	
('131175', '780473', '2552080', '4358824,579034')	rank:10	pos:1	terms:2	frequency:0	score:1	aggr:[[1.0, 0.0, 0.0, 0.0, 0.0, 0.283, 0.283, 0.283], [1.0, 0.0, 0.0, 0.0, 0.0, 0.283, 0.283, 0.283], [1.0, 0.0, 0.0, 0.0, 0.0, 0.283, 0.283, 0.283], [1.0, 0.0, 0.0, 0.0, 0.0, 0.283, 0.283, 0.283], [1.0, 0.0, 0.0, 0.0, 0.0, 0.283, 0.283, 0.283], [1.0, 0.0, 0.0, 0.0, 0.0, 0.283, 0.283, 0.283], [1.0, 0.0, 0.0, 0.0, 0.0, 0.283, 0.283, 0.283], [1.0, 0.0, 0.0, 0.0, 0.0, 0.283, 0.283, 0.283]]	
('131175', '780476', '5430009', '3490249,471089')	rank:1	pos:6	terms:3	frequency:0	score:1	aggr:[[1.0, 0.0, 0.0, 0.0, 0.0, 0.283, 0.283, 0.283], [1.0, 0.0, 0.0, 0.0, 0.0, 0.283, 0.283, 0.283], [1.0, 0.0, 0.0, 0.0, 0.0, 0.283, 0.283, 0.283], [1.0, 0.0, 0.0, 0.0, 0.0, 0.283, 0.283, 0.283], [1.0, 0.0, 0.0, 0.0, 0.0, 0.283, 0.283, 0.283], [1.0, 0.0, 0.0, 0.0, 0.0, 0.283, 0.283, 0.283], [1.0, 0.0, 0.0, 0.0, 0.0, 0.283, 0.283, 0.283], [1.0, 0.0, 0.0, 0.0, 0.0, 0.283, 0.283, 0.283]]	
('131175', '780476', '5430009', '50678525,4219671')	rank:2	pos:6	terms:3	frequency:0	score:1	aggr:[[1.0, 0.0, 0.0, 0.0, 0.0, 0.283, 0.283, 0.283], [1.0, 0.0, 0.0, 0.0, 0.0, 0.283, 0.283, 0.283], [1.0, 0.0, 0.0, 0.0, 0.0, 0.283, 0.283, 0.283], [1.0, 0.0, 0.0, 0.0, 0.0, 0.283, 0.283, 0.283], [1.0, 0.0, 0.0, 0.0, 0.0, 0.283, 0.283, 0.283], [1.0, 0.0, 0.0, 0.0, 0.0, 0.283, 0.283, 0.283], [1.0, 0.0, 0.0, 0.0, 0.0, 0.283, 0.283, 0.283], [1.0, 0.0, 0.0, 0.0, 0.0, 0.283, 0.283, 0.283]]	
('131175', '780476', '5430009', '29332227,2863521')	rank:3	pos:6	terms:3	frequency:0	score:1	aggr:[[0.9259259259259259, 0.0, 0.0, 0.07407407407407407, 0.0, 0.25250088183421515, 0.01048148148148148, 0.03208641975308641], [1.0, 0.0, 0.0, 0.0, 0.0, 0.283, 0.283, 0.283], [1.0, 0.0, 0.0, 0.0, 0.0, 0.283, 0.283, 0.283], [1.0, 0.0, 0.0, 0.0, 0.0, 0.283, 0.283, 0.283], [0.9259259259259259, 0.0, 0.0, 0.07407407407407407, 0.0, 0.25250088183421515, 0.01048148148148148, 0.03208641975308641], [1.0, 0.0, 0.0, 0.0, 0.0, 0.283, 0.283, 0.283], [1.0, 0.0, 0.0, 0.0, 0.0, 0.283, 0.283, 0.283], [1.0, 0.0, 0.0, 0.0, 0.0, 0.283, 0.283, 0.283]]	
('131175', '780476', '5430009', '23662025,2365685')	rank:4	pos:6	terms:3	frequency:0	score:1	aggr:[[1.0, 0.0, 0.0, 0.0, 0.0, 0.283, 0.283, 0.283], [1.0, 0.0, 0.0, 0.0, 0.0, 0.283, 0.283, 0.283], [1.0, 0.0, 0.0, 0.0, 0.0, 0.283, 0.283, 0.283], [1.0, 0.0, 0.0, 0.0, 0.0, 0.283, 0.283, 0.283], [1.0, 0.0, 0.0, 0.0, 0.0, 0.283, 0.283, 0.283], [1.0, 0.0, 0.0, 0.0, 0.0, 0.283, 0.283, 0.283], [1.0, 0.0, 0.0, 0.0, 0.0, 0.283, 0.283, 0.283], [1.0, 0.0, 0.0, 0.0, 0.0, 0.283, 0.283, 0.283]]	
('131175', '780476', '5430009', '41765790,3709866')	rank:5	pos:6	terms:3	frequency:0	score:1	aggr:[[0.9090909090909091, 0.022727272727272728, 0.0, 0.0, 0.06818181818181818, 0.17734632034632034, 0.010219696969696969, 0.032], [1.0, 0.0, 0.0, 0.0, 0.0, 0.22483333333333333, 0.1415, 0.1415], [1.0, 0.0, 0.0, 0.0, 0.0, 0.283, 0.283, 0.283], [1.0, 0.0, 0.0, 0.0, 0.0, 0.283, 0.283, 0.283], [0.9090909090909091, 0.022727272727272728, 0.0, 0.0, 0.06818181818181818, 0.17734632034632034, 0.010219696969696969, 0.032], [1.0, 0.0, 0.0, 0.0, 0.0, 0.22483333333333333, 0.1415, 0.1415], [1.0, 0.0, 0.0, 0.0, 0.0, 0.283, 0.283, 0.283], [1.0, 0.0, 0.0, 0.0, 0.0, 0.283, 0.283, 0.283]]	
('131175', '780476', '5430009', '63345790,4843047')	rank:6	pos:6	terms:3	frequency:0	score:1	aggr:[[0.9473684210526315, 0.0, 0.0, 0.0, 0.05263157894736842, 0.3164193817878028, 0.014894736842105261, 0.028052631578947364], [1.0, 0.0, 0.0, 0.0, 0.0, 0.283, 0.283, 0.283], [1.0, 0.0, 0.0, 0.0, 0.0, 0.283, 0.283, 0.283], [1.0, 0.0, 0.0, 0.0, 0.0, 0.283, 0.283, 0.283], [0.9473684210526315, 0.0, 0.0, 0.0, 0.05263157894736842, 0.3164193817878028, 0.014894736842105261, 0.028052631578947364], [1.0, 0.0, 0.0, 0.0, 0.0, 0.283, 0.283, 0.283], [1.0, 0.0, 0.0, 0.0, 0.0, 0.283, 0.283, 0.283], [1.0, 0.0, 0.0, 0.0, 0.0, 0.283, 0.283, 0.283]]	
('131175', '780476', '5430009', '29231265,2863285')	rank:7	pos:6	terms:3	frequency:0	score:1	aggr:[[1.0, 0.0, 0.0, 0.0, 0.0, 0.14505026455026457, 0.04716666666666666, 0.04716666666666666], [1.0, 0.0, 0.0, 0.0, 0.0, 0.283, 0.283, 0.283], [1.0, 0.0, 0.0, 0.0, 0.0, 0.283, 0.283, 0.283], [1.0, 0.0, 0.0, 0.0, 0.0, 0.283, 0.283, 0.283], [1.0, 0.0, 0.0, 0.0, 0.0, 0.14505026455026457, 0.04716666666666666, 0.04716666666666666], [1.0, 0.0, 0.0, 0.0, 0.0, 0.283, 0.283, 0.283], [1.0, 0.0, 0.0, 0.0, 0.0, 0.283, 0.283, 0.283], [1.0, 0.0, 0.0, 0.0, 0.0, 0.283, 0.283, 0.283]]	
('131175', '780476', '5430009', '14229985,1463208')	rank:8	pos:6	terms:3	frequency:0	score:1	aggr:[[1.0, 0.0, 0.0, 0.0, 0.0, 0.15464920634920637, 0.0283, 0.0283], [1.0, 0.0, 0.0, 0.0, 0.0, 0.15948677248677248, 0.03144444444444444, 0.03144444444444444], [1.0, 0.0, 0.0, 0.0, 0.0, 0.283, 0.283, 0.283], [1.0, 0.0, 0.0, 0.0, 0.0, 0.283, 0.283, 0.283], [1.0, 0.0, 0.0, 0.0, 0.0, 0.15464920634920637, 0.0283, 0.0283], [1.0, 0.0, 0.0, 0.0, 0.0, 0.15948677248677248, 0.03144444444444444, 0.03144444444444444], [1.0, 0.0, 0.0, 0.0, 0.0, 0.283, 0.283, 0.283], [1.0, 0.0, 0.0, 0.0, 0.0, 0.283, 0.283, 0.283]]	
('131175', '780476', '5430009', '30788329,3007985')	rank:9	pos:6	terms:3	frequency:0	score:1	aggr:[[1.0, 0.0, 0.0, 0.0, 0.0, 0.283, 0.283, 0.283], [1.0, 0.0, 0.0, 0.0, 0.0, 0.283, 0.283, 0.283], [1.0, 0.0, 0.0, 0.0, 0.0, 0.283, 0.283, 0.283], [1.0, 0.0, 0.0, 0.0, 0.0, 0.283, 0.283, 0.283], [1.0, 0.0, 0.0, 0.0, 0.0, 0.283, 0.283, 0.283], [1.0, 0.0, 0.0, 0.0, 0.0, 0.283, 0.283, 0.283], [1.0, 0.0, 0.0, 0.0, 0.0, 0.283, 0.283, 0.283], [1.0, 0.0, 0.0, 0.0, 0.0, 0.283, 0.283, 0.283]]	
('131175', '780476', '5430009', '47350823,4017030')	rank:10	pos:6	terms:3	frequency:0	score:1	aggr:[[1.0, 0.0, 0.0, 0.0, 0.0, 0.283, 0.283, 0.283], [1.0, 0.0, 0.0, 0.0, 0.0, 0.283, 0.283, 0.283], [1.0, 0.0, 0.0, 0.0, 0.0, 0.283, 0.283, 0.283], [1.0, 0.0, 0.0, 0.0, 0.0, 0.283, 0.283, 0.283], [1.0, 0.0, 0.0, 0.0, 0.0, 0.283, 0.283, 0.283], [1.0, 0.0, 0.0, 0.0, 0.0, 0.283, 0.283, 0.283], [1.0, 0.0, 0.0, 0.0, 0.0, 0.283, 0.283, 0.283], [1.0, 0.0, 0.0, 0.0, 0.0, 0.283, 0.283, 0.283]]	
('131175', '780476', '16228994', '60918930,4710329')	rank:1	pos:2	terms:1	frequency:0	score:2	aggr:[[1.0, 0.0, 0.0, 0.0, 0.0, 0.283, 0.283, 0.283], [1.0, 0.0, 0.0, 0.0, 0.0, 0.283, 0.283, 0.283], [1.0, 0.0, 0.0, 0.0, 0.0, 0.283, 0.283, 0.283], [1.0, 0.0, 0.0, 0.0, 0.0, 0.283, 0.283, 0.283], [1.0, 0.0, 0.0, 0.0, 0.0, 0.283, 0.283, 0.283], [1.0, 0.0, 0.0, 0.0, 0.0, 0.283, 0.283, 0.283], [1.0, 0.0, 0.0, 0.0, 0.0, 0.283, 0.283, 0.283], [1.0, 0.0, 0.0, 0.0, 0.0, 0.283, 0.283, 0.283]]	
('131175', '780476', '16228994', '35591981,3356077')	rank:2	pos:2	terms:1	frequency:0	score:2	aggr:[[1.0, 0.0, 0.0, 0.0, 0.0, 0.23237698412698413, 0.011791666666666666, 0.011791666666666666], [1.0, 0.0, 0.0, 0.0, 0.0, 0.283, 0.283, 0.283], [1.0, 0.0, 0.0, 0.0, 0.0, 0.283, 0.283, 0.283], [1.0, 0.0, 0.0, 0.0, 0.0, 0.283, 0.283, 0.283], [1.0, 0.0, 0.0, 0.0, 0.0, 0.23237698412698413, 0.011791666666666666, 0.011791666666666666], [1.0, 0.0, 0.0, 0.0, 0.0, 0.283, 0.283, 0.283], [1.0, 0.0, 0.0, 0.0, 0.0, 0.283, 0.283, 0.283], [1.0, 0.0, 0.0, 0.0, 0.0, 0.283, 0.283, 0.283]]	
('131175', '780476', '16228994', '63275432,4842963')	rank:3	pos:2	terms:1	frequency:0	score:2	aggr:[[0.9625, 0.025, 0.0125, 0.0, 0.0, 0.21444523809523805, 0.018537500000000002, 0.0097875], [1.0, 0.0, 0.0, 0.0, 0.0, 0.283, 0.283, 0.283], [1.0, 0.0, 0.0, 0.0, 0.0, 0.283, 0.283, 0.283], [1.0, 0.0, 0.0, 0.0, 0.0, 0.283, 0.283, 0.283], [0.9625, 0.025, 0.0125, 0.0, 0.0, 0.21444523809523805, 0.018537500000000002, 0.0097875], [1.0, 0.0, 0.0, 0.0, 0.0, 0.283, 0.283, 0.283], [1.0, 0.0, 0.0, 0.0, 0.0, 0.283, 0.283, 0.283], [1.0, 0.0, 0.0, 0.0, 0.0, 0.283, 0.283, 0.283]]	
('131175', '780476', '16228994', '63406906,4843454')	rank:4	pos:2	terms:1	frequency:0	score:5	aggr:[[1.0, 0.0, 0.0, 0.0, 0.0, 0.283, 0.283, 0.283], [1.0, 0.0, 0.0, 0.0, 0.0, 0.283, 0.283, 0.283], [1.0, 0.0, 0.0, 0.0, 0.0, 0.283, 0.283, 0.283], [1.0, 0.0, 0.0, 0.0, 0.0, 0.283, 0.283, 0.283], [1.0, 0.0, 0.0, 0.0, 0.0, 0.283, 0.283, 0.283], [1.0, 0.0, 0.0, 0.0, 0.0, 0.283, 0.283, 0.283], [1.0, 0.0, 0.0, 0.0, 0.0, 0.283, 0.283, 0.283], [1.0, 0.0, 0.0, 0.0, 0.0, 0.283, 0.283, 0.283]]	
('131175', '780476', '16228994', '60918982,4710331')	rank:5	pos:2	terms:1	frequency:0	score:1	aggr:[[1.0, 0.0, 0.0, 0.0, 0.0, 0.283, 0.283, 0.283], [1.0, 0.0, 0.0, 0.0, 0.0, 0.283, 0.283, 0.283], [1.0, 0.0, 0.0, 0.0, 0.0, 0.283, 0.283, 0.283], [1.0, 0.0, 0.0, 0.0, 0.0, 0.283, 0.283, 0.283], [1.0, 0.0, 0.0, 0.0, 0.0, 0.283, 0.283, 0.283], [1.0, 0.0, 0.0, 0.0, 0.0, 0.283, 0.283, 0.283], [1.0, 0.0, 0.0, 0.0, 0.0, 0.283, 0.283, 0.283], [1.0, 0.0, 0.0, 0.0, 0.0, 0.283, 0.283, 0.283]]	
('131175', '780476', '16228994', '29220226,2863218')	rank:6	pos:2	terms:1	frequency:0	score:1	aggr:[[1.0, 0.0, 0.0, 0.0, 0.0, 0.283, 0.283, 0.283], [1.0, 0.0, 0.0, 0.0, 0.0, 0.283, 0.283, 0.283], [1.0, 0.0, 0.0, 0.0, 0.0, 0.283, 0.283, 0.283], [1.0, 0.0, 0.0, 0.0, 0.0, 0.283, 0.283, 0.283], [1.0, 0.0, 0.0, 0.0, 0.0, 0.283, 0.283, 0.283], [1.0, 0.0, 0.0, 0.0, 0.0, 0.283, 0.283, 0.283], [1.0, 0.0, 0.0, 0.0, 0.0, 0.283, 0.283, 0.283], [1.0, 0.0, 0.0, 0.0, 0.0, 0.283, 0.283, 0.283]]	
('131175', '780476', '16228994', '60453973,4686633')	rank:7	pos:2	terms:1	frequency:0	score:1	aggr:[[0.6666666666666666, 0.3333333333333333, 0.0, 0.0, 0.0, 0.42766666666666664, 0.14195238095238094, 0.09433333333333332], [1.0, 0.0, 0.0, 0.0, 0.0, 0.283, 0.283, 0.283], [1.0, 0.0, 0.0, 0.0, 0.0, 0.283, 0.283, 0.283], [1.0, 0.0, 0.0, 0.0, 0.0, 0.283, 0.283, 0.283], [0.6666666666666666, 0.3333333333333333, 0.0, 0.0, 0.0, 0.42766666666666664, 0.14195238095238094, 0.09433333333333332], [1.0, 0.0, 0.0, 0.0, 0.0, 0.283, 0.283, 0.283], [1.0, 0.0, 0.0, 0.0, 0.0, 0.283, 0.283, 0.283], [1.0, 0.0, 0.0, 0.0, 0.0, 0.283, 0.283, 0.283]]	
('131175', '780476', '16228994', '40096127,3601888')	rank:8	pos:2	terms:1	frequency:0	score:1	aggr:[[0.9, 0.0, 0.0, 0.0, 0.1, 0.3449666666666667, 0.0283, 0.1283], [1.0, 0.0, 0.0, 0.0, 0.0, 0.283, 0.283, 0.283], [1.0, 0.0, 0.0, 0.0, 0.0, 0.283, 0.283, 0.283], [1.0, 0.0, 0.0, 0.0, 0.0, 0.283, 0.283, 0.283], [0.9, 0.0, 0.0, 0.0, 0.1, 0.3449666666666667, 0.0283, 0.1283], [1.0, 0.0, 0.0, 0.0, 0.0, 0.283, 0.283, 0.283], [1.0, 0.0, 0.0, 0.0, 0.0, 0.283, 0.283, 0.283], [1.0, 0.0, 0.0, 0.0, 0.0, 0.283, 0.283, 0.283]]	
('131175', '780476', '16228994', '25764720,2577420')	rank:9	pos:2	terms:1	frequency:0	score:1	aggr:[[1.0, 0.0, 0.0, 0.0, 0.0, 0.283, 0.283, 0.283], [1.0, 0.0, 0.0, 0.0, 0.0, 0.283, 0.283, 0.283], [1.0, 0.0, 0.0, 0.0, 0.0, 0.283, 0.283, 0.283], [1.0, 0.0, 0.0, 0.0, 0.0, 0.283, 0.283, 0.283], [1.0, 0.0, 0.0, 0.0, 0.0, 0.283, 0.283, 0.283], [1.0, 0.0, 0.0, 0.0, 0.0, 0.283, 0.283, 0.283], [1.0, 0.0, 0.0, 0.0, 0.0, 0.283, 0.283, 0.283], [1.0, 0.0, 0.0, 0.0, 0.0, 0.283, 0.283, 0.283]]	
('131175', '780476', '16228994', '60918793,4710314')	rank:10	pos:2	terms:1	frequency:0	score:1	aggr:[[1.0, 0.0, 0.0, 0.0, 0.0, 0.283, 0.283, 0.283], [1.0, 0.0, 0.0, 0.0, 0.0, 0.283, 0.283, 0.283], [1.0, 0.0, 0.0, 0.0, 0.0, 0.283, 0.283, 0.283], [1.0, 0.0, 0.0, 0.0, 0.0, 0.283, 0.283, 0.283], [1.0, 0.0, 0.0, 0.0, 0.0, 0.283, 0.283, 0.283], [1.0, 0.0, 0.0, 0.0, 0.0, 0.283, 0.283, 0.283], [1.0, 0.0, 0.0, 0.0, 0.0, 0.283, 0.283, 0.283], [1.0, 0.0, 0.0, 0.0, 0.0, 0.283, 0.283, 0.283]]	
('131175', '780476', '15577854', '29464699,2863926')	rank:1	pos:4	terms:3	frequency:9	score:1	aggr:[[0.7727272727272727, 0.09090909090909091, 0.045454545454545456, 0.0, 0.09090909090909091, 0.4314783549783549, 0.10377272727272727, 0.11892424242424243], [0.7222222222222222, 0.1111111111111111, 0.05555555555555555, 0.0, 0.1111111111111111, 0.4879444444444444, 0.12683333333333333, 0.14535185185185184], [0.5714285714285714, 0.14285714285714285, 0.14285714285714285, 0.0, 0.14285714285714285, 0.469, 0.18328571428571427, 0.3261428571428571], [0.5714285714285714, 0.14285714285714285, 0.14285714285714285, 0.0, 0.14285714285714285, 0.469, 0.18328571428571427, 0.3261428571428571], [0.7727272727272727, 0.09090909090909091, 0.045454545454545456, 0.0, 0.09090909090909091, 0.4314783549783549, 0.10377272727272727, 0.11892424242424243], [0.7222222222222222, 0.1111111111111111, 0.05555555555555555, 0.0, 0.1111111111111111, 0.4879444444444444, 0.12683333333333333, 0.14535185185185184], [0.5714285714285714, 0.14285714285714285, 0.14285714285714285, 0.0, 0.14285714285714285, 0.469, 0.18328571428571427, 0.3261428571428571], [0.5714285714285714, 0.14285714285714285, 0.14285714285714285, 0.0, 0.14285714285714285, 0.469, 0.18328571428571427, 0.3261428571428571]]	
('131175', '780476', '15577854', '29408102,2863781')	rank:2	pos:4	terms:3	frequency:9	score:1	aggr:[[0.75, 0.07142857142857142, 0.0, 0.0, 0.17857142857142858, 0.3341434240362812, 0.04582142857142857, 0.13510714285714284], [0.631578947368421, 0.10526315789473684, 0.0, 0.0, 0.2631578947368421, 0.36752631578947365, 0.06752631578947368, 0.19910526315789473], [0.7142857142857143, 0.14285714285714285, 0.0, 0.0, 0.14285714285714285, 0.3261428571428571, 0.11185714285714285, 0.11185714285714285], [0.7142857142857143, 0.14285714285714285, 0.0, 0.0, 0.14285714285714285, 0.3261428571428571, 0.11185714285714285, 0.11185714285714285], [0.75, 0.07142857142857142, 0.0, 0.0, 0.17857142857142858, 0.3341434240362812, 0.04582142857142857, 0.13510714285714284], [0.631578947368421, 0.10526315789473684, 0.0, 0.0, 0.2631578947368421, 0.36752631578947365, 0.06752631578947368, 0.19910526315789473], [0.7142857142857143, 0.14285714285714285, 0.0, 0.0, 0.14285714285714285, 0.3261428571428571, 0.11185714285714285, 0.11185714285714285], [0.7142857142857143, 0.14285714285714285, 0.0, 0.0, 0.14285714285714285, 0.3261428571428571, 0.11185714285714285, 0.11185714285714285]]	
('131175', '780476', '15577854', '29328434,2863521')	rank:3	pos:4	terms:3	frequency:9	score:1	aggr:[[0.9259259259259259, 0.0, 0.0, 0.07407407407407407, 0.0, 0.25250088183421515, 0.01048148148148148, 0.03208641975308641], [0.8888888888888888, 0.0, 0.0, 0.1111111111111111, 0.0, 0.29627777777777786, 0.01572222222222222, 0.04812962962962962], [0.7142857142857143, 0.0, 0.0, 0.2857142857142857, 0.0, 0.21899999999999994, 0.040428571428571425, 0.12376190476190474], [0.7142857142857143, 0.0, 0.0, 0.2857142857142857, 0.0, 0.21899999999999994, 0.040428571428571425, 0.12376190476190474], [0.9259259259259259, 0.0, 0.0, 0.07407407407407407, 0.0, 0.25250088183421515, 0.01048148148148148, 0.03208641975308641], [0.8888888888888888, 0.0, 0.0, 0.1111111111111111, 0.0, 0.29627777777777786, 0.01572222222222222, 0.04812962962962962], [0.7142857142857143, 0.0, 0.0, 0.2857142857142857, 0.0, 0.21899999999999994, 0.040428571428571425, 0.12376190476190474], [0.7142857142857143, 0.0, 0.0, 0.2857142857142857, 0.0, 0.21899999999999994, 0.040428571428571425, 0.12376190476190474]]	
('131175', '780476', '15577854', '29516474,2864015')	rank:4	pos:4	terms:3	frequency:9	score:1	aggr:[[0.9333333333333333, 0.06666666666666667, 0.0, 0.0, 0.0, 0.2555333333333334, 0.04108888888888888, 0.018866666666666664], [0.9333333333333333, 0.06666666666666667, 0.0, 0.0, 0.0, 0.2555333333333334, 0.04108888888888888, 0.018866666666666664], [0.8571428571428571, 0.14285714285714285, 0.0, 0.0, 0.0, 0.21661904761904763, 0.08804761904761904, 0.040428571428571425], [0.8571428571428571, 0.14285714285714285, 0.0, 0.0, 0.0, 0.21661904761904763, 0.08804761904761904, 0.040428571428571425], [0.9333333333333333, 0.06666666666666667, 0.0, 0.0, 0.0, 0.2555333333333334, 0.04108888888888888, 0.018866666666666664], [0.9333333333333333, 0.06666666666666667, 0.0, 0.0, 0.0, 0.2555333333333334, 0.04108888888888888, 0.018866666666666664], [0.8571428571428571, 0.14285714285714285, 0.0, 0.0, 0.0, 0.21661904761904763, 0.08804761904761904, 0.040428571428571425], [0.8571428571428571, 0.14285714285714285, 0.0, 0.0, 0.0, 0.21661904761904763, 0.08804761904761904, 0.040428571428571425]]	
('131175', '780476', '15577854', '29451601,2863817')	rank:5	pos:4	terms:3	frequency:9	score:1	aggr:[[0.8461538461538461, 0.07692307692307693, 0.0, 0.0, 0.07692307692307693, 0.14823443223443225, 0.032758241758241755, 0.040999999999999995], [0.8333333333333334, 0.08333333333333333, 0.0, 0.0, 0.08333333333333333, 0.15017063492063493, 0.035488095238095235, 0.04441666666666666], [0.7142857142857143, 0.14285714285714285, 0.0, 0.0, 0.14285714285714285, 0.1536938775510204, 0.06083673469387755, 0.07614285714285714], [0.7142857142857143, 0.14285714285714285, 0.0, 0.0, 0.14285714285714285, 0.1536938775510204, 0.06083673469387755, 0.07614285714285714], [0.8461538461538461, 0.07692307692307693, 0.0, 0.0, 0.07692307692307693, 0.14823443223443225, 0.032758241758241755, 0.040999999999999995], [0.8333333333333334, 0.08333333333333333, 0.0, 0.0, 0.08333333333333333, 0.15017063492063493, 0.035488095238095235, 0.04441666666666666], [0.7142857142857143, 0.14285714285714285, 0.0, 0.0, 0.14285714285714285, 0.1536938775510204, 0.06083673469387755, 0.07614285714285714], [0.7142857142857143, 0.14285714285714285, 0.0, 0.0, 0.14285714285714285, 0.1536938775510204, 0.06083673469387755, 0.07614285714285714]]	
('131175', '780476', '15577854', '29530804,2864085')	rank:6	pos:4	terms:3	frequency:9	score:1	aggr:[[0.9285714285714286, 0.0, 0.0, 0.0, 0.07142857142857142, 0.17576984126984127, 0.020214285714285712, 0.034499999999999996], [0.9285714285714286, 0.0, 0.0, 0.0, 0.07142857142857142, 0.17576984126984127, 0.020214285714285712, 0.034499999999999996], [0.8571428571428571, 0.0, 0.0, 0.0, 0.14285714285714285, 0.16423809523809524, 0.040428571428571425, 0.06899999999999999], [0.8571428571428571, 0.0, 0.0, 0.0, 0.14285714285714285, 0.16423809523809524, 0.040428571428571425, 0.06899999999999999], [0.9285714285714286, 0.0, 0.0, 0.0, 0.07142857142857142, 0.17576984126984127, 0.020214285714285712, 0.034499999999999996], [0.9285714285714286, 0.0, 0.0, 0.0, 0.07142857142857142, 0.17576984126984127, 0.020214285714285712, 0.034499999999999996], [0.8571428571428571, 0.0, 0.0, 0.0, 0.14285714285714285, 0.16423809523809524, 0.040428571428571425, 0.06899999999999999], [0.8571428571428571, 0.0, 0.0, 0.0, 0.14285714285714285, 0.16423809523809524, 0.040428571428571425, 0.06899999999999999]]	
('131175', '780476', '15577854', '29302552,2863473')	rank:7	pos:4	terms:3	frequency:9	score:1	aggr:[[0.9259259259259259, 0.07407407407407407, 0.0, 0.0, 0.0, 0.16755085243974133, 0.053691358024691355, 0.01048148148148148], [0.8666666666666667, 0.13333333333333333, 0.0, 0.0, 0.0, 0.17362857142857144, 0.09664444444444445, 0.018866666666666664], [0.8571428571428571, 0.14285714285714285, 0.0, 0.0, 0.0, 0.1458707482993197, 0.06423809523809523, 0.040428571428571425], [0.8571428571428571, 0.14285714285714285, 0.0, 0.0, 0.0, 0.1458707482993197, 0.06423809523809523, 0.040428571428571425], [0.9259259259259259, 0.07407407407407407, 0.0, 0.0, 0.0, 0.16755085243974133, 0.053691358024691355, 0.01048148148148148], [0.8666666666666667, 0.13333333333333333, 0.0, 0.0, 0.0, 0.17362857142857144, 0.09664444444444445, 0.018866666666666664], [0.8571428571428571, 0.14285714285714285, 0.0, 0.0, 0.0, 0.1458707482993197, 0.06423809523809523, 0.040428571428571425], [0.8571428571428571, 0.14285714285714285, 0.0, 0.0, 0.0, 0.1458707482993197, 0.06423809523809523, 0.040428571428571425]]	
('131175', '780476', '15577854', '29276408,2863419')	rank:8	pos:4	terms:3	frequency:9	score:1	aggr:[[1.0, 0.0, 0.0, 0.0, 0.0, 0.1436031746031746, 0.040428571428571425, 0.040428571428571425], [1.0, 0.0, 0.0, 0.0, 0.0, 0.1436031746031746, 0.040428571428571425, 0.040428571428571425], [1.0, 0.0, 0.0, 0.0, 0.0, 0.1436031746031746, 0.040428571428571425, 0.040428571428571425], [1.0, 0.0, 0.0, 0.0, 0.0, 0.1436031746031746, 0.040428571428571425, 0.040428571428571425], [1.0, 0.0, 0.0, 0.0, 0.0, 0.1436031746031746, 0.040428571428571425, 0.040428571428571425], [1.0, 0.0, 0.0, 0.0, 0.0, 0.1436031746031746, 0.040428571428571425, 0.040428571428571425], [1.0, 0.0, 0.0, 0.0, 0.0, 0.1436031746031746, 0.040428571428571425, 0.040428571428571425], [1.0, 0.0, 0.0, 0.0, 0.0, 0.1436031746031746, 0.040428571428571425, 0.040428571428571425]]	
('131175', '780476', '15577854', '63371986,4843230')	rank:9	pos:4	terms:3	frequency:9	score:1	aggr:[[0.9, 0.0, 0.1, 0.0, 0.0, 0.1520666666666667, 0.01415, 0.028733333333333333], [0.8571428571428571, 0.0, 0.14285714285714285, 0.0, 0.0, 0.12177777777777779, 0.040428571428571425, 0.05828571428571428], [0.8571428571428571, 0.0, 0.14285714285714285, 0.0, 0.0, 0.12177777777777779, 0.040428571428571425, 0.05828571428571428], [0.8571428571428571, 0.0, 0.14285714285714285, 0.0, 0.0, 0.12177777777777779, 0.040428571428571425, 0.05828571428571428], [0.9, 0.0, 0.1, 0.0, 0.0, 0.1520666666666667, 0.01415, 0.028733333333333333], [0.8571428571428571, 0.0, 0.14285714285714285, 0.0, 0.0, 0.12177777777777779, 0.040428571428571425, 0.05828571428571428], [0.8571428571428571, 0.0, 0.14285714285714285, 0.0, 0.0, 0.12177777777777779, 0.040428571428571425, 0.05828571428571428], [0.8571428571428571, 0.0, 0.14285714285714285, 0.0, 0.0, 0.12177777777777779, 0.040428571428571425, 0.05828571428571428]]	
('131175', '780476', '15577854', '24789609,2475069')	rank:10	pos:4	terms:3	frequency:9	score:1	aggr:[[1.0, 0.0, 0.0, 0.0, 0.0, 0.23376851851851854, 0.02358333333333333, 0.02358333333333333], [1.0, 0.0, 0.0, 0.0, 0.0, 0.12280246913580245, 0.03144444444444444, 0.03144444444444444], [1.0, 0.0, 0.0, 0.0, 0.0, 0.12614285714285714, 0.040428571428571425, 0.040428571428571425], [1.0, 0.0, 0.0, 0.0, 0.0, 0.12614285714285714, 0.040428571428571425, 0.040428571428571425], [1.0, 0.0, 0.0, 0.0, 0.0, 0.23376851851851854, 0.02358333333333333, 0.02358333333333333], [1.0, 0.0, 0.0, 0.0, 0.0, 0.12280246913580245, 0.03144444444444444, 0.03144444444444444], [1.0, 0.0, 0.0, 0.0, 0.0, 0.12614285714285714, 0.040428571428571425, 0.040428571428571425], [1.0, 0.0, 0.0, 0.0, 0.0, 0.12614285714285714, 0.040428571428571425, 0.040428571428571425]]	
('131175', '780476', '18535188', '61365868,4726257')	rank:1	pos:8	terms:2	frequency:0	score:1	aggr:[[1.0, 0.0, 0.0, 0.0, 0.0, 0.283, 0.283, 0.283], [1.0, 0.0, 0.0, 0.0, 0.0, 0.283, 0.283, 0.283], [1.0, 0.0, 0.0, 0.0, 0.0, 0.283, 0.283, 0.283], [1.0, 0.0, 0.0, 0.0, 0.0, 0.283, 0.283, 0.283], [1.0, 0.0, 0.0, 0.0, 0.0, 0.283, 0.283, 0.283], [1.0, 0.0, 0.0, 0.0, 0.0, 0.283, 0.283, 0.283], [1.0, 0.0, 0.0, 0.0, 0.0, 0.283, 0.283, 0.283], [1.0, 0.0, 0.0, 0.0, 0.0, 0.283, 0.283, 0.283]]	
('131175', '780476', '18535188', '71040,11493')	rank:2	pos:8	terms:2	frequency:0	score:1	aggr:[[1.0, 0.0, 0.0, 0.0, 0.0, 0.283, 0.283, 0.283], [1.0, 0.0, 0.0, 0.0, 0.0, 0.283, 0.283, 0.283], [1.0, 0.0, 0.0, 0.0, 0.0, 0.283, 0.283, 0.283], [1.0, 0.0, 0.0, 0.0, 0.0, 0.283, 0.283, 0.283], [1.0, 0.0, 0.0, 0.0, 0.0, 0.283, 0.283, 0.283], [1.0, 0.0, 0.0, 0.0, 0.0, 0.283, 0.283, 0.283], [1.0, 0.0, 0.0, 0.0, 0.0, 0.283, 0.283, 0.283], [1.0, 0.0, 0.0, 0.0, 0.0, 0.283, 0.283, 0.283]]	
('131175', '780476', '18535188', '62095336,4777363')	rank:3	pos:8	terms:2	frequency:0	score:1	aggr:[[1.0, 0.0, 0.0, 0.0, 0.0, 0.283, 0.283, 0.283], [1.0, 0.0, 0.0, 0.0, 0.0, 0.283, 0.283, 0.283], [1.0, 0.0, 0.0, 0.0, 0.0, 0.283, 0.283, 0.283], [1.0, 0.0, 0.0, 0.0, 0.0, 0.283, 0.283, 0.283], [1.0, 0.0, 0.0, 0.0, 0.0, 0.283, 0.283, 0.283], [1.0, 0.0, 0.0, 0.0, 0.0, 0.283, 0.283, 0.283], [1.0, 0.0, 0.0, 0.0, 0.0, 0.283, 0.283, 0.283], [1.0, 0.0, 0.0, 0.0, 0.0, 0.283, 0.283, 0.283]]	
('131175', '780476', '18535188', '58369473,4586571')	rank:4	pos:8	terms:2	frequency:0	score:1	aggr:[[1.0, 0.0, 0.0, 0.0, 0.0, 0.22483333333333333, 0.1415, 0.1415], [1.0, 0.0, 0.0, 0.0, 0.0, 0.283, 0.283, 0.283], [1.0, 0.0, 0.0, 0.0, 0.0, 0.283, 0.283, 0.283], [1.0, 0.0, 0.0, 0.0, 0.0, 0.283, 0.283, 0.283], [1.0, 0.0, 0.0, 0.0, 0.0, 0.22483333333333333, 0.1415, 0.1415], [1.0, 0.0, 0.0, 0.0, 0.0, 0.283, 0.283, 0.283], [1.0, 0.0, 0.0, 0.0, 0.0, 0.283, 0.283, 0.283], [1.0, 0.0, 0.0, 0.0, 0.0, 0.283, 0.283, 0.283]]	
('131175', '780476', '18535188', '35132708,3310169')	rank:5	pos:8	terms:2	frequency:0	score:1	aggr:[[1.0, 0.0, 0.0, 0.0, 0.0, 0.283, 0.283, 0.283], [1.0, 0.0, 0.0, 0.0, 0.0, 0.283, 0.283, 0.283], [1.0, 0.0, 0.0, 0.0, 0.0, 0.283, 0.283, 0.283], [1.0, 0.0, 0.0, 0.0, 0.0, 0.283, 0.283, 0.283], [1.0, 0.0, 0.0, 0.0, 0.0, 0.283, 0.283, 0.283], [1.0, 0.0, 0.0, 0.0, 0.0, 0.283, 0.283, 0.283], [1.0, 0.0, 0.0, 0.0, 0.0, 0.283, 0.283, 0.283], [1.0, 0.0, 0.0, 0.0, 0.0, 0.283, 0.283, 0.283]]	
('131175', '780476', '18535188', '29985551,2914385')	rank:6	pos:8	terms:2	frequency:0	score:1	aggr:[[1.0, 0.0, 0.0, 0.0, 0.0, 0.283, 0.283, 0.283], [1.0, 0.0, 0.0, 0.0, 0.0, 0.283, 0.283, 0.283], [1.0, 0.0, 0.0, 0.0, 0.0, 0.283, 0.283, 0.283], [1.0, 0.0, 0.0, 0.0, 0.0, 0.283, 0.283, 0.283], [1.0, 0.0, 0.0, 0.0, 0.0, 0.283, 0.283, 0.283], [1.0, 0.0, 0.0, 0.0, 0.0, 0.283, 0.283, 0.283], [1.0, 0.0, 0.0, 0.0, 0.0, 0.283, 0.283, 0.283], [1.0, 0.0, 0.0, 0.0, 0.0, 0.283, 0.283, 0.283]]	
('131175', '780476', '18535188', '24059939,2402547')	rank:7	pos:8	terms:2	frequency:0	score:1	aggr:[[1.0, 0.0, 0.0, 0.0, 0.0, 0.283, 0.283, 0.283], [1.0, 0.0, 0.0, 0.0, 0.0, 0.283, 0.283, 0.283], [1.0, 0.0, 0.0, 0.0, 0.0, 0.283, 0.283, 0.283], [1.0, 0.0, 0.0, 0.0, 0.0, 0.283, 0.283, 0.283], [1.0, 0.0, 0.0, 0.0, 0.0, 0.283, 0.283, 0.283], [1.0, 0.0, 0.0, 0.0, 0.0, 0.283, 0.283, 0.283], [1.0, 0.0, 0.0, 0.0, 0.0, 0.283, 0.283, 0.283], [1.0, 0.0, 0.0, 0.0, 0.0, 0.283, 0.283, 0.283]]	
('131175', '780476', '18535188', '862017,135598')	rank:8	pos:8	terms:2	frequency:0	score:1	aggr:[[1.0, 0.0, 0.0, 0.0, 0.0, 0.283, 0.283, 0.283], [1.0, 0.0, 0.0, 0.0, 0.0, 0.283, 0.283, 0.283], [1.0, 0.0, 0.0, 0.0, 0.0, 0.283, 0.283, 0.283], [1.0, 0.0, 0.0, 0.0, 0.0, 0.283, 0.283, 0.283], [1.0, 0.0, 0.0, 0.0, 0.0, 0.283, 0.283, 0.283], [1.0, 0.0, 0.0, 0.0, 0.0, 0.283, 0.283, 0.283], [1.0, 0.0, 0.0, 0.0, 0.0, 0.283, 0.283, 0.283], [1.0, 0.0, 0.0, 0.0, 0.0, 0.283, 0.283, 0.283]]	
('131175', '780476', '18535188', '21024355,2153113')	rank:9	pos:8	terms:2	frequency:0	score:1	aggr:[[1.0, 0.0, 0.0, 0.0, 0.0, 0.283, 0.283, 0.283], [1.0, 0.0, 0.0, 0.0, 0.0, 0.283, 0.283, 0.283], [1.0, 0.0, 0.0, 0.0, 0.0, 0.283, 0.283, 0.283], [1.0, 0.0, 0.0, 0.0, 0.0, 0.283, 0.283, 0.283], [1.0, 0.0, 0.0, 0.0, 0.0, 0.283, 0.283, 0.283], [1.0, 0.0, 0.0, 0.0, 0.0, 0.283, 0.283, 0.283], [1.0, 0.0, 0.0, 0.0, 0.0, 0.283, 0.283, 0.283], [1.0, 0.0, 0.0, 0.0, 0.0, 0.283, 0.283, 0.283]]	
('131175', '780476', '18535188', '29572364,2865460')	rank:10	pos:8	terms:2	frequency:0	score:1	aggr:[[1.0, 0.0, 0.0, 0.0, 0.0, 0.283, 0.283, 0.283], [1.0, 0.0, 0.0, 0.0, 0.0, 0.283, 0.283, 0.283], [1.0, 0.0, 0.0, 0.0, 0.0, 0.283, 0.283, 0.283], [1.0, 0.0, 0.0, 0.0, 0.0, 0.283, 0.283, 0.283], [1.0, 0.0, 0.0, 0.0, 0.0, 0.283, 0.283, 0.283], [1.0, 0.0, 0.0, 0.0, 0.0, 0.283, 0.283, 0.283], [1.0, 0.0, 0.0, 0.0, 0.0, 0.283, 0.283, 0.283], [1.0, 0.0, 0.0, 0.0, 0.0, 0.283, 0.283, 0.283]]	
('131175', '780476', '4835222', '60453851,4686633')	rank:1	pos:9	terms:1	frequency:0	score:4	aggr:[[0.6666666666666666, 0.3333333333333333, 0.0, 0.0, 0.0, 0.42766666666666664, 0.14195238095238094, 0.09433333333333332], [1.0, 0.0, 0.0, 0.0, 0.0, 0.283, 0.283, 0.283], [1.0, 0.0, 0.0, 0.0, 0.0, 0.283, 0.283, 0.283], [1.0, 0.0, 0.0, 0.0, 0.0, 0.283, 0.283, 0.283], [0.6666666666666666, 0.3333333333333333, 0.0, 0.0, 0.0, 0.42766666666666664, 0.14195238095238094, 0.09433333333333332], [1.0, 0.0, 0.0, 0.0, 0.0, 0.283, 0.283, 0.283], [1.0, 0.0, 0.0, 0.0, 0.0, 0.283, 0.283, 0.283], [1.0, 0.0, 0.0, 0.0, 0.0, 0.283, 0.283, 0.283]]	
('131175', '780476', '4835222', '40095716,3601888')	rank:2	pos:9	terms:1	frequency:0	score:4	aggr:[[0.9, 0.0, 0.0, 0.0, 0.1, 0.3449666666666667, 0.0283, 0.1283], [1.0, 0.0, 0.0, 0.0, 0.0, 0.283, 0.283, 0.283], [1.0, 0.0, 0.0, 0.0, 0.0, 0.283, 0.283, 0.283], [1.0, 0.0, 0.0, 0.0, 0.0, 0.283, 0.283, 0.283], [0.9, 0.0, 0.0, 0.0, 0.1, 0.3449666666666667, 0.0283, 0.1283], [1.0, 0.0, 0.0, 0.0, 0.0, 0.283, 0.283, 0.283], [1.0, 0.0, 0.0, 0.0, 0.0, 0.283, 0.283, 0.283], [1.0, 0.0, 0.0, 0.0, 0.0, 0.283, 0.283, 0.283]]	
('131175', '780476', '4835222', '24270518,2420172')	rank:3	pos:9	terms:1	frequency:0	score:5	aggr:[[1.0, 0.0, 0.0, 0.0, 0.0, 0.18056009070294785, 0.020214285714285712, 0.020214285714285712], [1.0, 0.0, 0.0, 0.0, 0.0, 0.283, 0.283, 0.283], [1.0, 0.0, 0.0, 0.0, 0.0, 0.283, 0.283, 0.283], [1.0, 0.0, 0.0, 0.0, 0.0, 0.283, 0.283, 0.283], [1.0, 0.0, 0.0, 0.0, 0.0, 0.18056009070294785, 0.020214285714285712, 0.020214285714285712], [1.0, 0.0, 0.0, 0.0, 0.0, 0.283, 0.283, 0.283], [1.0, 0.0, 0.0, 0.0, 0.0, 0.283, 0.283, 0.283], [1.0, 0.0, 0.0, 0.0, 0.0, 0.283, 0.283, 0.283]]	
('131175', '780476', '4835222', '63276159,4842963')	rank:4	pos:9	terms:1	frequency:0	score:2	aggr:[[0.9625, 0.025, 0.0125, 0.0, 0.0, 0.21444523809523805, 0.018537500000000002, 0.0097875], [1.0, 0.0, 0.0, 0.0, 0.0, 0.283, 0.283, 0.283], [1.0, 0.0, 0.0, 0.0, 0.0, 0.283, 0.283, 0.283], [1.0, 0.0, 0.0, 0.0, 0.0, 0.283, 0.283, 0.283], [0.9625, 0.025, 0.0125, 0.0, 0.0, 0.21444523809523805, 0.018537500000000002, 0.0097875], [1.0, 0.0, 0.0, 0.0, 0.0, 0.283, 0.283, 0.283], [1.0, 0.0, 0.0, 0.0, 0.0, 0.283, 0.283, 0.283], [1.0, 0.0, 0.0, 0.0, 0.0, 0.283, 0.283, 0.283]]	
('131175', '780476', '4835222', '2394026,349679')	rank:5	pos:9	terms:1	frequency:0	score:2	aggr:[[1.0, 0.0, 0.0, 0.0, 0.0, 0.283, 0.283, 0.283], [1.0, 0.0, 0.0, 0.0, 0.0, 0.283, 0.283, 0.283], [1.0, 0.0, 0.0, 0.0, 0.0, 0.283, 0.283, 0.283], [1.0, 0.0, 0.0, 0.0, 0.0, 0.283, 0.283, 0.283], [1.0, 0.0, 0.0, 0.0, 0.0, 0.283, 0.283, 0.283], [1.0, 0.0, 0.0, 0.0, 0.0, 0.283, 0.283, 0.283], [1.0, 0.0, 0.0, 0.0, 0.0, 0.283, 0.283, 0.283], [1.0, 0.0, 0.0, 0.0, 0.0, 0.283, 0.283, 0.283]]	
('131175', '780476', '4835222', '11985055,1198409')	rank:6	pos:9	terms:1	frequency:0	score:4	aggr:[[0.9607843137254902, 0.0196078431372549, 0.0, 0.0196078431372549, 0.0, 0.1928506069094304, 0.015352941176470587, 0.025156862745098037], [1.0, 0.0, 0.0, 0.0, 0.0, 0.283, 0.283, 0.283], [1.0, 0.0, 0.0, 0.0, 0.0, 0.283, 0.283, 0.283], [1.0, 0.0, 0.0, 0.0, 0.0, 0.283, 0.283, 0.283], [0.9607843137254902, 0.0196078431372549, 0.0, 0.0196078431372549, 0.0, 0.1928506069094304, 0.015352941176470587, 0.025156862745098037], [1.0, 0.0, 0.0, 0.0, 0.0, 0.283, 0.283, 0.283], [1.0, 0.0, 0.0, 0.0, 0.0, 0.283, 0.283, 0.283], [1.0, 0.0, 0.0, 0.0, 0.0, 0.283, 0.283, 0.283]]	
('131175', '780476', '4835222', '29328763,2863521')	rank:7	pos:9	terms:1	frequency:0	score:1	aggr:[[0.9259259259259259, 0.0, 0.0, 0.07407407407407407, 0.0, 0.25250088183421515, 0.01048148148148148, 0.03208641975308641], [1.0, 0.0, 0.0, 0.0, 0.0, 0.283, 0.283, 0.283], [1.0, 0.0, 0.0, 0.0, 0.0, 0.283, 0.283, 0.283], [1.0, 0.0, 0.0, 0.0, 0.0, 0.283, 0.283, 0.283], [0.9259259259259259, 0.0, 0.0, 0.07407407407407407, 0.0, 0.25250088183421515, 0.01048148148148148, 0.03208641975308641], [1.0, 0.0, 0.0, 0.0, 0.0, 0.283, 0.283, 0.283], [1.0, 0.0, 0.0, 0.0, 0.0, 0.283, 0.283, 0.283], [1.0, 0.0, 0.0, 0.0, 0.0, 0.283, 0.283, 0.283]]	
('131175', '780476', '4835222', '41446735,3688952')	rank:8	pos:9	terms:1	frequency:0	score:1	aggr:[[1.0, 0.0, 0.0, 0.0, 0.0, 0.283, 0.283, 0.283], [1.0, 0.0, 0.0, 0.0, 0.0, 0.283, 0.283, 0.283], [1.0, 0.0, 0.0, 0.0, 0.0, 0.283, 0.283, 0.283], [1.0, 0.0, 0.0, 0.0, 0.0, 0.283, 0.283, 0.283], [1.0, 0.0, 0.0, 0.0, 0.0, 0.283, 0.283, 0.283], [1.0, 0.0, 0.0, 0.0, 0.0, 0.283, 0.283, 0.283], [1.0, 0.0, 0.0, 0.0, 0.0, 0.283, 0.283, 0.283], [1.0, 0.0, 0.0, 0.0, 0.0, 0.283, 0.283, 0.283]]	
('131175', '780476', '4835222', '58082804,4571627')	rank:9	pos:9	terms:1	frequency:0	score:1	aggr:[[0.8620689655172413, 0.034482758620689655, 0.034482758620689655, 0.0, 0.06896551724137931, 0.1299009304871374, 0.02125287356321839, 0.07297701149425287], [1.0, 0.0, 0.0, 0.0, 0.0, 0.283, 0.283, 0.283], [1.0, 0.0, 0.0, 0.0, 0.0, 0.283, 0.283, 0.283], [1.0, 0.0, 0.0, 0.0, 0.0, 0.283, 0.283, 0.283], [0.8620689655172413, 0.034482758620689655, 0.034482758620689655, 0.0, 0.06896551724137931, 0.1299009304871374, 0.02125287356321839, 0.07297701149425287], [1.0, 0.0, 0.0, 0.0, 0.0, 0.283, 0.283, 0.283], [1.0, 0.0, 0.0, 0.0, 0.0, 0.283, 0.283, 0.283], [1.0, 0.0, 0.0, 0.0, 0.0, 0.283, 0.283, 0.283]]	
('131175', '780476', '4835222', '17393760,1828213')	rank:10	pos:9	terms:1	frequency:0	score:1	aggr:[[1.0, 0.0, 0.0, 0.0, 0.0, 0.283, 0.283, 0.283], [1.0, 0.0, 0.0, 0.0, 0.0, 0.283, 0.283, 0.283], [1.0, 0.0, 0.0, 0.0, 0.0, 0.283, 0.283, 0.283], [1.0, 0.0, 0.0, 0.0, 0.0, 0.283, 0.283, 0.283], [1.0, 0.0, 0.0, 0.0, 0.0, 0.283, 0.283, 0.283], [1.0, 0.0, 0.0, 0.0, 0.0, 0.283, 0.283, 0.283], [1.0, 0.0, 0.0, 0.0, 0.0, 0.283, 0.283, 0.283], [1.0, 0.0, 0.0, 0.0, 0.0, 0.283, 0.283, 0.283]]	
('131175', '780476', '13431875', '14046166,1435084')	rank:1	pos:10	terms:3	frequency:0	score:1	aggr:[[1.0, 0.0, 0.0, 0.0, 0.0, 0.283, 0.283, 0.283], [1.0, 0.0, 0.0, 0.0, 0.0, 0.283, 0.283, 0.283], [1.0, 0.0, 0.0, 0.0, 0.0, 0.283, 0.283, 0.283], [1.0, 0.0, 0.0, 0.0, 0.0, 0.283, 0.283, 0.283], [1.0, 0.0, 0.0, 0.0, 0.0, 0.283, 0.283, 0.283], [1.0, 0.0, 0.0, 0.0, 0.0, 0.283, 0.283, 0.283], [1.0, 0.0, 0.0, 0.0, 0.0, 0.283, 0.283, 0.283], [1.0, 0.0, 0.0, 0.0, 0.0, 0.283, 0.283, 0.283]]	
('131175', '780476', '13431875', '24270518,2420172')	rank:2	pos:10	terms:3	frequency:0	score:1	aggr:[[1.0, 0.0, 0.0, 0.0, 0.0, 0.18056009070294785, 0.020214285714285712, 0.020214285714285712], [1.0, 0.0, 0.0, 0.0, 0.0, 0.283, 0.283, 0.283], [1.0, 0.0, 0.0, 0.0, 0.0, 0.283, 0.283, 0.283], [1.0, 0.0, 0.0, 0.0, 0.0, 0.283, 0.283, 0.283], [1.0, 0.0, 0.0, 0.0, 0.0, 0.18056009070294785, 0.020214285714285712, 0.020214285714285712], [1.0, 0.0, 0.0, 0.0, 0.0, 0.283, 0.283, 0.283], [1.0, 0.0, 0.0, 0.0, 0.0, 0.283, 0.283, 0.283], [1.0, 0.0, 0.0, 0.0, 0.0, 0.283, 0.283, 0.283]]	
('131175', '780476', '13431875', '2570035,368787')	rank:3	pos:10	terms:3	frequency:0	score:1	aggr:[[1.0, 0.0, 0.0, 0.0, 0.0, 0.283, 0.283, 0.283], [1.0, 0.0, 0.0, 0.0, 0.0, 0.283, 0.283, 0.283], [1.0, 0.0, 0.0, 0.0, 0.0, 0.283, 0.283, 0.283], [1.0, 0.0, 0.0, 0.0, 0.0, 0.283, 0.283, 0.283], [1.0, 0.0, 0.0, 0.0, 0.0, 0.283, 0.283, 0.283], [1.0, 0.0, 0.0, 0.0, 0.0, 0.283, 0.283, 0.283], [1.0, 0.0, 0.0, 0.0, 0.0, 0.283, 0.283, 0.283], [1.0, 0.0, 0.0, 0.0, 0.0, 0.283, 0.283, 0.283]]	
('131175', '780476', '13431875', '42489184,3756287')	rank:4	pos:10	terms:3	frequency:0	score:1	aggr:[[1.0, 0.0, 0.0, 0.0, 0.0, 0.283, 0.283, 0.283], [1.0, 0.0, 0.0, 0.0, 0.0, 0.283, 0.283, 0.283], [1.0, 0.0, 0.0, 0.0, 0.0, 0.283, 0.283, 0.283], [1.0, 0.0, 0.0, 0.0, 0.0, 0.283, 0.283, 0.283], [1.0, 0.0, 0.0, 0.0, 0.0, 0.283, 0.283, 0.283], [1.0, 0.0, 0.0, 0.0, 0.0, 0.283, 0.283, 0.283], [1.0, 0.0, 0.0, 0.0, 0.0, 0.283, 0.283, 0.283], [1.0, 0.0, 0.0, 0.0, 0.0, 0.283, 0.283, 0.283]]	
('131175', '780476', '13431875', '1510343,219268')	rank:5	pos:10	terms:3	frequency:0	score:1	aggr:[[1.0, 0.0, 0.0, 0.0, 0.0, 0.283, 0.283, 0.283], [1.0, 0.0, 0.0, 0.0, 0.0, 0.283, 0.283, 0.283], [1.0, 0.0, 0.0, 0.0, 0.0, 0.283, 0.283, 0.283], [1.0, 0.0, 0.0, 0.0, 0.0, 0.283, 0.283, 0.283], [1.0, 0.0, 0.0, 0.0, 0.0, 0.283, 0.283, 0.283], [1.0, 0.0, 0.0, 0.0, 0.0, 0.283, 0.283, 0.283], [1.0, 0.0, 0.0, 0.0, 0.0, 0.283, 0.283, 0.283], [1.0, 0.0, 0.0, 0.0, 0.0, 0.283, 0.283, 0.283]]	
('131175', '780476', '13431875', '31481896,3085577')	rank:6	pos:10	terms:3	frequency:0	score:1	aggr:[[1.0, 0.0, 0.0, 0.0, 0.0, 0.283, 0.283, 0.283], [1.0, 0.0, 0.0, 0.0, 0.0, 0.283, 0.283, 0.283], [1.0, 0.0, 0.0, 0.0, 0.0, 0.283, 0.283, 0.283], [1.0, 0.0, 0.0, 0.0, 0.0, 0.283, 0.283, 0.283], [1.0, 0.0, 0.0, 0.0, 0.0, 0.283, 0.283, 0.283], [1.0, 0.0, 0.0, 0.0, 0.0, 0.283, 0.283, 0.283], [1.0, 0.0, 0.0, 0.0, 0.0, 0.283, 0.283, 0.283], [1.0, 0.0, 0.0, 0.0, 0.0, 0.283, 0.283, 0.283]]	
('131175', '780476', '13431875', '20484126,2104413')	rank:7	pos:10	terms:3	frequency:0	score:1	aggr:[[1.0, 0.0, 0.0, 0.0, 0.0, 0.283, 0.283, 0.283], [1.0, 0.0, 0.0, 0.0, 0.0, 0.283, 0.283, 0.283], [1.0, 0.0, 0.0, 0.0, 0.0, 0.283, 0.283, 0.283], [1.0, 0.0, 0.0, 0.0, 0.0, 0.283, 0.283, 0.283], [1.0, 0.0, 0.0, 0.0, 0.0, 0.283, 0.283, 0.283], [1.0, 0.0, 0.0, 0.0, 0.0, 0.283, 0.283, 0.283], [1.0, 0.0, 0.0, 0.0, 0.0, 0.283, 0.283, 0.283], [1.0, 0.0, 0.0, 0.0, 0.0, 0.283, 0.283, 0.283]]	
('131175', '780476', '13431875', '11985055,1198409')	rank:8	pos:10	terms:3	frequency:0	score:1	aggr:[[0.9607843137254902, 0.0196078431372549, 0.0, 0.0196078431372549, 0.0, 0.1928506069094304, 0.015352941176470587, 0.025156862745098037], [1.0, 0.0, 0.0, 0.0, 0.0, 0.283, 0.283, 0.283], [1.0, 0.0, 0.0, 0.0, 0.0, 0.283, 0.283, 0.283], [1.0, 0.0, 0.0, 0.0, 0.0, 0.283, 0.283, 0.283], [0.9607843137254902, 0.0196078431372549, 0.0, 0.0196078431372549, 0.0, 0.1928506069094304, 0.015352941176470587, 0.025156862745098037], [1.0, 0.0, 0.0, 0.0, 0.0, 0.283, 0.283, 0.283], [1.0, 0.0, 0.0, 0.0, 0.0, 0.283, 0.283, 0.283], [1.0, 0.0, 0.0, 0.0, 0.0, 0.283, 0.283, 0.283]]	
('131175', '780476', '13431875', '46909773,3993149')	rank:9	pos:10	terms:3	frequency:0	score:1	aggr:[[1.0, 0.0, 0.0, 0.0, 0.0, 0.283, 0.283, 0.283], [1.0, 0.0, 0.0, 0.0, 0.0, 0.283, 0.283, 0.283], [1.0, 0.0, 0.0, 0.0, 0.0, 0.283, 0.283, 0.283], [1.0, 0.0, 0.0, 0.0, 0.0, 0.283, 0.283, 0.283], [1.0, 0.0, 0.0, 0.0, 0.0, 0.283, 0.283, 0.283], [1.0, 0.0, 0.0, 0.0, 0.0, 0.283, 0.283, 0.283], [1.0, 0.0, 0.0, 0.0, 0.0, 0.283, 0.283, 0.283], [1.0, 0.0, 0.0, 0.0, 0.0, 0.283, 0.283, 0.283]]	
('131175', '780476', '13431875', '38931492,3545423')	rank:10	pos:10	terms:3	frequency:0	score:1	aggr:[[1.0, 0.0, 0.0, 0.0, 0.0, 0.204, 0.1415, 0.1415], [1.0, 0.0, 0.0, 0.0, 0.0, 0.283, 0.283, 0.283], [1.0, 0.0, 0.0, 0.0, 0.0, 0.283, 0.283, 0.283], [1.0, 0.0, 0.0, 0.0, 0.0, 0.283, 0.283, 0.283], [1.0, 0.0, 0.0, 0.0, 0.0, 0.204, 0.1415, 0.1415], [1.0, 0.0, 0.0, 0.0, 0.0, 0.283, 0.283, 0.283], [1.0, 0.0, 0.0, 0.0, 0.0, 0.283, 0.283, 0.283], [1.0, 0.0, 0.0, 0.0, 0.0, 0.283, 0.283, 0.283]]	
