num_query:34	num_avg_terms:2.61764705882	num_clicks6:3	num_clicks35:4	num_clicks12:16	
('1518116', '9035472', '10190328', '35351014,3330643')	rank:1	pos:1	terms:4	frequency:0	score:1	aggr:[[1.0, 0.0, 0.0, 0.0, 0.0, 0.283, 0.283, 0.283], [1.0, 0.0, 0.0, 0.0, 0.0, 0.283, 0.283, 0.283], [1.0, 0.0, 0.0, 0.0, 0.0, 0.283, 0.283, 0.283], [1.0, 0.0, 0.0, 0.0, 0.0, 0.283, 0.283, 0.283], [1.0, 0.0, 0.0, 0.0, 0.0, 0.283, 0.283, 0.283], [1.0, 0.0, 0.0, 0.0, 0.0, 0.283, 0.283, 0.283], [1.0, 0.0, 0.0, 0.0, 0.0, 0.283, 0.283, 0.283], [1.0, 0.0, 0.0, 0.0, 0.0, 0.283, 0.283, 0.283]]	
('1518116', '9035472', '10190328', '23822797,2383748')	rank:2	pos:1	terms:4	frequency:0	score:1	aggr:[[0.75, 0.25, 0.0, 0.0, 0.0, 0.18324999999999997, 0.11241666666666666, 0.07075], [1.0, 0.0, 0.0, 0.0, 0.0, 0.283, 0.283, 0.283], [1.0, 0.0, 0.0, 0.0, 0.0, 0.283, 0.283, 0.283], [1.0, 0.0, 0.0, 0.0, 0.0, 0.283, 0.283, 0.283], [0.75, 0.25, 0.0, 0.0, 0.0, 0.18324999999999997, 0.11241666666666666, 0.07075], [1.0, 0.0, 0.0, 0.0, 0.0, 0.283, 0.283, 0.283], [1.0, 0.0, 0.0, 0.0, 0.0, 0.283, 0.283, 0.283], [1.0, 0.0, 0.0, 0.0, 0.0, 0.283, 0.283, 0.283]]	
('1518116', '9035472', '10190328', '9467208,1080167')	rank:3	pos:1	terms:4	frequency:0	score:1	aggr:[[1.0, 0.0, 0.0, 0.0, 0.0, 0.283, 0.283, 0.283], [1.0, 0.0, 0.0, 0.0, 0.0, 0.283, 0.283, 0.283], [1.0, 0.0, 0.0, 0.0, 0.0, 0.283, 0.283, 0.283], [1.0, 0.0, 0.0, 0.0, 0.0, 0.283, 0.283, 0.283], [1.0, 0.0, 0.0, 0.0, 0.0, 0.283, 0.283, 0.283], [1.0, 0.0, 0.0, 0.0, 0.0, 0.283, 0.283, 0.283], [1.0, 0.0, 0.0, 0.0, 0.0, 0.283, 0.283, 0.283], [1.0, 0.0, 0.0, 0.0, 0.0, 0.283, 0.283, 0.283]]	
('1518116', '9035472', '10190328', '47178172,4007341')	rank:4	pos:1	terms:4	frequency:0	score:1	aggr:[[1.0, 0.0, 0.0, 0.0, 0.0, 0.283, 0.283, 0.283], [1.0, 0.0, 0.0, 0.0, 0.0, 0.283, 0.283, 0.283], [1.0, 0.0, 0.0, 0.0, 0.0, 0.283, 0.283, 0.283], [1.0, 0.0, 0.0, 0.0, 0.0, 0.283, 0.283, 0.283], [1.0, 0.0, 0.0, 0.0, 0.0, 0.283, 0.283, 0.283], [1.0, 0.0, 0.0, 0.0, 0.0, 0.283, 0.283, 0.283], [1.0, 0.0, 0.0, 0.0, 0.0, 0.283, 0.283, 0.283], [1.0, 0.0, 0.0, 0.0, 0.0, 0.283, 0.283, 0.283]]	
('1518116', '9035472', '10190328', '44869564,3890893')	rank:5	pos:1	terms:4	frequency:0	score:1	aggr:[[1.0, 0.0, 0.0, 0.0, 0.0, 0.283, 0.283, 0.283], [1.0, 0.0, 0.0, 0.0, 0.0, 0.283, 0.283, 0.283], [1.0, 0.0, 0.0, 0.0, 0.0, 0.283, 0.283, 0.283], [1.0, 0.0, 0.0, 0.0, 0.0, 0.283, 0.283, 0.283], [1.0, 0.0, 0.0, 0.0, 0.0, 0.283, 0.283, 0.283], [1.0, 0.0, 0.0, 0.0, 0.0, 0.283, 0.283, 0.283], [1.0, 0.0, 0.0, 0.0, 0.0, 0.283, 0.283, 0.283], [1.0, 0.0, 0.0, 0.0, 0.0, 0.283, 0.283, 0.283]]	
('1518116', '9035472', '10190328', '14787995,1534999')	rank:6	pos:1	terms:4	frequency:0	score:1	aggr:[[0.625, 0.125, 0.0, 0.125, 0.125, 0.20551388888888888, 0.07704166666666666, 0.222875], [1.0, 0.0, 0.0, 0.0, 0.0, 0.283, 0.283, 0.283], [1.0, 0.0, 0.0, 0.0, 0.0, 0.283, 0.283, 0.283], [1.0, 0.0, 0.0, 0.0, 0.0, 0.283, 0.283, 0.283], [0.625, 0.125, 0.0, 0.125, 0.125, 0.20551388888888888, 0.07704166666666666, 0.222875], [1.0, 0.0, 0.0, 0.0, 0.0, 0.283, 0.283, 0.283], [1.0, 0.0, 0.0, 0.0, 0.0, 0.283, 0.283, 0.283], [1.0, 0.0, 0.0, 0.0, 0.0, 0.283, 0.283, 0.283]]	
('1518116', '9035472', '10190328', '40059684,3599848')	rank:7	pos:1	terms:4	frequency:0	score:1	aggr:[[1.0, 0.0, 0.0, 0.0, 0.0, 0.283, 0.283, 0.283], [1.0, 0.0, 0.0, 0.0, 0.0, 0.283, 0.283, 0.283], [1.0, 0.0, 0.0, 0.0, 0.0, 0.283, 0.283, 0.283], [1.0, 0.0, 0.0, 0.0, 0.0, 0.283, 0.283, 0.283], [1.0, 0.0, 0.0, 0.0, 0.0, 0.283, 0.283, 0.283], [1.0, 0.0, 0.0, 0.0, 0.0, 0.283, 0.283, 0.283], [1.0, 0.0, 0.0, 0.0, 0.0, 0.283, 0.283, 0.283], [1.0, 0.0, 0.0, 0.0, 0.0, 0.283, 0.283, 0.283]]	
('1518116', '9035472', '10190328', '25857357,2589504')	rank:8	pos:1	terms:4	frequency:0	score:1	aggr:[[0.8, 0.2, 0.0, 0.0, 0.0, 0.23517142857142853, 0.12326666666666666, 0.0566], [1.0, 0.0, 0.0, 0.0, 0.0, 0.283, 0.283, 0.283], [1.0, 0.0, 0.0, 0.0, 0.0, 0.283, 0.283, 0.283], [1.0, 0.0, 0.0, 0.0, 0.0, 0.283, 0.283, 0.283], [0.8, 0.2, 0.0, 0.0, 0.0, 0.23517142857142853, 0.12326666666666666, 0.0566], [1.0, 0.0, 0.0, 0.0, 0.0, 0.283, 0.283, 0.283], [1.0, 0.0, 0.0, 0.0, 0.0, 0.283, 0.283, 0.283], [1.0, 0.0, 0.0, 0.0, 0.0, 0.283, 0.283, 0.283]]	
('1518116', '9035472', '10190328', '20894755,2136379')	rank:9	pos:1	terms:4	frequency:0	score:1	aggr:[[1.0, 0.0, 0.0, 0.0, 0.0, 0.283, 0.283, 0.283], [1.0, 0.0, 0.0, 0.0, 0.0, 0.283, 0.283, 0.283], [1.0, 0.0, 0.0, 0.0, 0.0, 0.283, 0.283, 0.283], [1.0, 0.0, 0.0, 0.0, 0.0, 0.283, 0.283, 0.283], [1.0, 0.0, 0.0, 0.0, 0.0, 0.283, 0.283, 0.283], [1.0, 0.0, 0.0, 0.0, 0.0, 0.283, 0.283, 0.283], [1.0, 0.0, 0.0, 0.0, 0.0, 0.283, 0.283, 0.283], [1.0, 0.0, 0.0, 0.0, 0.0, 0.283, 0.283, 0.283]]	
('1518116', '9035472', '10190328', '46139532,3955753')	rank:10	pos:1	terms:4	frequency:0	score:1	aggr:[[0.5, 0.0, 0.0, 0.5, 0.0, 0.1415, 0.1415, 0.6415], [0.5, 0.0, 0.0, 0.5, 0.0, 0.1415, 0.1415, 0.6415], [1.0, 0.0, 0.0, 0.0, 0.0, 0.283, 0.283, 0.283], [1.0, 0.0, 0.0, 0.0, 0.0, 0.283, 0.283, 0.283], [0.5, 0.0, 0.0, 0.5, 0.0, 0.1415, 0.1415, 0.6415], [0.5, 0.0, 0.0, 0.5, 0.0, 0.1415, 0.1415, 0.6415], [1.0, 0.0, 0.0, 0.0, 0.0, 0.283, 0.283, 0.283], [1.0, 0.0, 0.0, 0.0, 0.0, 0.283, 0.283, 0.283]]	
('1518116', '9035478', '2336798', '68801037,5148004')	rank:1	pos:1	terms:1	frequency:0	score:5	aggr:[[1.0, 0.0, 0.0, 0.0, 0.0, 0.19155555555555556, 0.09433333333333332, 0.09433333333333332], [1.0, 0.0, 0.0, 0.0, 0.0, 0.22483333333333333, 0.1415, 0.1415], [1.0, 0.0, 0.0, 0.0, 0.0, 0.283, 0.283, 0.283], [1.0, 0.0, 0.0, 0.0, 0.0, 0.283, 0.283, 0.283], [1.0, 0.0, 0.0, 0.0, 0.0, 0.19155555555555556, 0.09433333333333332, 0.09433333333333332], [1.0, 0.0, 0.0, 0.0, 0.0, 0.22483333333333333, 0.1415, 0.1415], [1.0, 0.0, 0.0, 0.0, 0.0, 0.283, 0.283, 0.283], [1.0, 0.0, 0.0, 0.0, 0.0, 0.283, 0.283, 0.283]]	
('1518116', '9035478', '2336798', '17036111,1782207')	rank:2	pos:1	terms:1	frequency:0	score:1	aggr:[[0.8529411764705882, 0.058823529411764705, 0.0, 0.029411764705882353, 0.058823529411764705, 0.23828384687208212, 0.03283333333333333, 0.05734313725490196], [1.0, 0.0, 0.0, 0.0, 0.0, 0.283, 0.283, 0.283], [1.0, 0.0, 0.0, 0.0, 0.0, 0.283, 0.283, 0.283], [1.0, 0.0, 0.0, 0.0, 0.0, 0.283, 0.283, 0.283], [0.8529411764705882, 0.058823529411764705, 0.0, 0.029411764705882353, 0.058823529411764705, 0.23828384687208212, 0.03283333333333333, 0.05734313725490196], [1.0, 0.0, 0.0, 0.0, 0.0, 0.283, 0.283, 0.283], [1.0, 0.0, 0.0, 0.0, 0.0, 0.283, 0.283, 0.283], [1.0, 0.0, 0.0, 0.0, 0.0, 0.283, 0.283, 0.283]]	
('1518116', '9035478', '2336798', '62158940,4779903')	rank:3	pos:1	terms:1	frequency:0	score:1	aggr:[[1.0, 0.0, 0.0, 0.0, 0.0, 0.283, 0.283, 0.283], [1.0, 0.0, 0.0, 0.0, 0.0, 0.283, 0.283, 0.283], [1.0, 0.0, 0.0, 0.0, 0.0, 0.283, 0.283, 0.283], [1.0, 0.0, 0.0, 0.0, 0.0, 0.283, 0.283, 0.283], [1.0, 0.0, 0.0, 0.0, 0.0, 0.283, 0.283, 0.283], [1.0, 0.0, 0.0, 0.0, 0.0, 0.283, 0.283, 0.283], [1.0, 0.0, 0.0, 0.0, 0.0, 0.283, 0.283, 0.283], [1.0, 0.0, 0.0, 0.0, 0.0, 0.283, 0.283, 0.283]]	
('1518116', '9035478', '2336798', '55524793,4440715')	rank:4	pos:1	terms:1	frequency:0	score:1	aggr:[[0.8372093023255814, 0.11627906976744186, 0.0, 0.0, 0.046511627906976744, 0.2484326319675156, 0.10292691029900332, 0.0375891472868217], [1.0, 0.0, 0.0, 0.0, 0.0, 0.283, 0.283, 0.283], [1.0, 0.0, 0.0, 0.0, 0.0, 0.283, 0.283, 0.283], [1.0, 0.0, 0.0, 0.0, 0.0, 0.283, 0.283, 0.283], [0.8372093023255814, 0.11627906976744186, 0.0, 0.0, 0.046511627906976744, 0.2484326319675156, 0.10292691029900332, 0.0375891472868217], [1.0, 0.0, 0.0, 0.0, 0.0, 0.283, 0.283, 0.283], [1.0, 0.0, 0.0, 0.0, 0.0, 0.283, 0.283, 0.283], [1.0, 0.0, 0.0, 0.0, 0.0, 0.283, 0.283, 0.283]]	
('1518116', '9035478', '2336798', '49729267,4169953')	rank:5	pos:1	terms:1	frequency:0	score:1	aggr:[[1.0, 0.0, 0.0, 0.0, 0.0, 0.283, 0.283, 0.283], [1.0, 0.0, 0.0, 0.0, 0.0, 0.283, 0.283, 0.283], [1.0, 0.0, 0.0, 0.0, 0.0, 0.283, 0.283, 0.283], [1.0, 0.0, 0.0, 0.0, 0.0, 0.283, 0.283, 0.283], [1.0, 0.0, 0.0, 0.0, 0.0, 0.283, 0.283, 0.283], [1.0, 0.0, 0.0, 0.0, 0.0, 0.283, 0.283, 0.283], [1.0, 0.0, 0.0, 0.0, 0.0, 0.283, 0.283, 0.283], [1.0, 0.0, 0.0, 0.0, 0.0, 0.283, 0.283, 0.283]]	
('1518116', '9035478', '2336798', '49797381,4177853')	rank:6	pos:1	terms:1	frequency:0	score:1	aggr:[[1.0, 0.0, 0.0, 0.0, 0.0, 0.283, 0.283, 0.283], [1.0, 0.0, 0.0, 0.0, 0.0, 0.283, 0.283, 0.283], [1.0, 0.0, 0.0, 0.0, 0.0, 0.283, 0.283, 0.283], [1.0, 0.0, 0.0, 0.0, 0.0, 0.283, 0.283, 0.283], [1.0, 0.0, 0.0, 0.0, 0.0, 0.283, 0.283, 0.283], [1.0, 0.0, 0.0, 0.0, 0.0, 0.283, 0.283, 0.283], [1.0, 0.0, 0.0, 0.0, 0.0, 0.283, 0.283, 0.283], [1.0, 0.0, 0.0, 0.0, 0.0, 0.283, 0.283, 0.283]]	
('1518116', '9035478', '2336798', '61355142,4725921')	rank:7	pos:1	terms:1	frequency:0	score:1	aggr:[[1.0, 0.0, 0.0, 0.0, 0.0, 0.283, 0.283, 0.283], [1.0, 0.0, 0.0, 0.0, 0.0, 0.283, 0.283, 0.283], [1.0, 0.0, 0.0, 0.0, 0.0, 0.283, 0.283, 0.283], [1.0, 0.0, 0.0, 0.0, 0.0, 0.283, 0.283, 0.283], [1.0, 0.0, 0.0, 0.0, 0.0, 0.283, 0.283, 0.283], [1.0, 0.0, 0.0, 0.0, 0.0, 0.283, 0.283, 0.283], [1.0, 0.0, 0.0, 0.0, 0.0, 0.283, 0.283, 0.283], [1.0, 0.0, 0.0, 0.0, 0.0, 0.283, 0.283, 0.283]]	
('1518116', '9035478', '2336798', '62484252,4807609')	rank:8	pos:1	terms:1	frequency:0	score:1	aggr:[[1.0, 0.0, 0.0, 0.0, 0.0, 0.22104761904761905, 0.07075, 0.07075], [1.0, 0.0, 0.0, 0.0, 0.0, 0.283, 0.283, 0.283], [1.0, 0.0, 0.0, 0.0, 0.0, 0.283, 0.283, 0.283], [1.0, 0.0, 0.0, 0.0, 0.0, 0.283, 0.283, 0.283], [1.0, 0.0, 0.0, 0.0, 0.0, 0.22104761904761905, 0.07075, 0.07075], [1.0, 0.0, 0.0, 0.0, 0.0, 0.283, 0.283, 0.283], [1.0, 0.0, 0.0, 0.0, 0.0, 0.283, 0.283, 0.283], [1.0, 0.0, 0.0, 0.0, 0.0, 0.283, 0.283, 0.283]]	
('1518116', '9035478', '2336798', '69088139,5149883')	rank:9	pos:1	terms:1	frequency:0	score:1	aggr:[[0.8716216216216216, 0.07432432432432433, 0.0, 0.006756756756756757, 0.0472972972972973, 0.1721958386958387, 0.03373326898326898, 0.049209459459459454], [1.0, 0.0, 0.0, 0.0, 0.0, 0.283, 0.283, 0.283], [1.0, 0.0, 0.0, 0.0, 0.0, 0.283, 0.283, 0.283], [1.0, 0.0, 0.0, 0.0, 0.0, 0.283, 0.283, 0.283], [0.8716216216216216, 0.07432432432432433, 0.0, 0.006756756756756757, 0.0472972972972973, 0.1721958386958387, 0.03373326898326898, 0.049209459459459454], [1.0, 0.0, 0.0, 0.0, 0.0, 0.283, 0.283, 0.283], [1.0, 0.0, 0.0, 0.0, 0.0, 0.283, 0.283, 0.283], [1.0, 0.0, 0.0, 0.0, 0.0, 0.283, 0.283, 0.283]]	
('1518116', '9035478', '2336798', '37844170,3478295')	rank:10	pos:1	terms:1	frequency:0	score:1	aggr:[[0.6923076923076923, 0.0, 0.0, 0.038461538461538464, 0.2692307692307692, 0.23420573870573871, 0.010884615384615383, 0.20767948717948717], [1.0, 0.0, 0.0, 0.0, 0.0, 0.283, 0.283, 0.283], [1.0, 0.0, 0.0, 0.0, 0.0, 0.283, 0.283, 0.283], [1.0, 0.0, 0.0, 0.0, 0.0, 0.283, 0.283, 0.283], [0.6923076923076923, 0.0, 0.0, 0.038461538461538464, 0.2692307692307692, 0.23420573870573871, 0.010884615384615383, 0.20767948717948717], [1.0, 0.0, 0.0, 0.0, 0.0, 0.283, 0.283, 0.283], [1.0, 0.0, 0.0, 0.0, 0.0, 0.283, 0.283, 0.283], [1.0, 0.0, 0.0, 0.0, 0.0, 0.283, 0.283, 0.283]]	
('1518116', '9035488', '8769852', '14495767,1485646')	rank:1	pos:1	terms:2	frequency:5	score:5	aggr:[[0.6666666666666666, 0.047619047619047616, 0.0, 0.0, 0.2857142857142857, 0.2866243386243386, 0.029349206349206347, 0.26744444444444443], [0.25, 0.0, 0.0, 0.0, 0.75, 0.07075, 0.07075, 0.82075], [0.5833333333333334, 0.0, 0.0, 0.0, 0.4166666666666667, 0.23191666666666666, 0.02358333333333333, 0.44025], [0.25, 0.0, 0.0, 0.0, 0.75, 0.07075, 0.07075, 0.82075], [0.6666666666666666, 0.047619047619047616, 0.0, 0.0, 0.2857142857142857, 0.2866243386243386, 0.029349206349206347, 0.26744444444444443], [0.25, 0.0, 0.0, 0.0, 0.75, 0.07075, 0.07075, 0.82075], [0.5833333333333334, 0.0, 0.0, 0.0, 0.4166666666666667, 0.23191666666666666, 0.02358333333333333, 0.44025], [0.25, 0.0, 0.0, 0.0, 0.75, 0.07075, 0.07075, 0.82075]]	
('1518116', '9035488', '8769852', '14496590,1485646')	rank:2	pos:1	terms:2	frequency:5	score:1	aggr:[[0.6666666666666666, 0.047619047619047616, 0.0, 0.0, 0.2857142857142857, 0.2866243386243386, 0.029349206349206347, 0.26744444444444443], [1.0, 0.0, 0.0, 0.0, 0.0, 0.44575, 0.07075, 0.07075], [0.5833333333333334, 0.0, 0.0, 0.0, 0.4166666666666667, 0.23191666666666666, 0.02358333333333333, 0.44025], [1.0, 0.0, 0.0, 0.0, 0.0, 0.44575, 0.07075, 0.07075], [0.6666666666666666, 0.047619047619047616, 0.0, 0.0, 0.2857142857142857, 0.2866243386243386, 0.029349206349206347, 0.26744444444444443], [1.0, 0.0, 0.0, 0.0, 0.0, 0.44575, 0.07075, 0.07075], [0.5833333333333334, 0.0, 0.0, 0.0, 0.4166666666666667, 0.23191666666666666, 0.02358333333333333, 0.44025], [1.0, 0.0, 0.0, 0.0, 0.0, 0.44575, 0.07075, 0.07075]]	
('1518116', '9035488', '8769852', '14496576,1485646')	rank:3	pos:1	terms:2	frequency:5	score:1	aggr:[[0.6666666666666666, 0.047619047619047616, 0.0, 0.0, 0.2857142857142857, 0.2866243386243386, 0.029349206349206347, 0.26744444444444443], [1.0, 0.0, 0.0, 0.0, 0.0, 0.32075, 0.07075, 0.07075], [0.5833333333333334, 0.0, 0.0, 0.0, 0.4166666666666667, 0.23191666666666666, 0.02358333333333333, 0.44025], [1.0, 0.0, 0.0, 0.0, 0.0, 0.32075, 0.07075, 0.07075], [0.6666666666666666, 0.047619047619047616, 0.0, 0.0, 0.2857142857142857, 0.2866243386243386, 0.029349206349206347, 0.26744444444444443], [1.0, 0.0, 0.0, 0.0, 0.0, 0.32075, 0.07075, 0.07075], [0.5833333333333334, 0.0, 0.0, 0.0, 0.4166666666666667, 0.23191666666666666, 0.02358333333333333, 0.44025], [1.0, 0.0, 0.0, 0.0, 0.0, 0.32075, 0.07075, 0.07075]]	
('1518116', '9035488', '8769852', '34244056,3279130')	rank:4	pos:1	terms:2	frequency:5	score:1	aggr:[[0.7880184331797235, 0.04608294930875576, 0.018433179723502304, 0.013824884792626729, 0.1336405529953917, 0.24073067076292906, 0.026572964669738863, 0.14757910906298], [1.0, 0.0, 0.0, 0.0, 0.0, 0.25825, 0.07075, 0.07075], [1.0, 0.0, 0.0, 0.0, 0.0, 0.25825, 0.07075, 0.07075], [1.0, 0.0, 0.0, 0.0, 0.0, 0.25825, 0.07075, 0.07075], [0.7880184331797235, 0.04608294930875576, 0.018433179723502304, 0.013824884792626729, 0.1336405529953917, 0.24073067076292906, 0.026572964669738863, 0.14757910906298], [1.0, 0.0, 0.0, 0.0, 0.0, 0.25825, 0.07075, 0.07075], [1.0, 0.0, 0.0, 0.0, 0.0, 0.25825, 0.07075, 0.07075], [1.0, 0.0, 0.0, 0.0, 0.0, 0.25825, 0.07075, 0.07075]]	
('1518116', '9035488', '8769852', '70549476,5215722')	rank:5	pos:1	terms:2	frequency:5	score:1	aggr:[[1.0, 0.0, 0.0, 0.0, 0.0, 0.23049999999999995, 0.04716666666666666, 0.04716666666666666], [1.0, 0.0, 0.0, 0.0, 0.0, 0.22075, 0.07075, 0.07075], [1.0, 0.0, 0.0, 0.0, 0.0, 0.22075, 0.07075, 0.07075], [1.0, 0.0, 0.0, 0.0, 0.0, 0.22075, 0.07075, 0.07075], [1.0, 0.0, 0.0, 0.0, 0.0, 0.23049999999999995, 0.04716666666666666, 0.04716666666666666], [1.0, 0.0, 0.0, 0.0, 0.0, 0.22075, 0.07075, 0.07075], [1.0, 0.0, 0.0, 0.0, 0.0, 0.22075, 0.07075, 0.07075], [1.0, 0.0, 0.0, 0.0, 0.0, 0.22075, 0.07075, 0.07075]]	
('1518116', '9035488', '8769852', '53297239,4344355')	rank:6	pos:1	terms:2	frequency:5	score:1	aggr:[[1.0, 0.0, 0.0, 0.0, 0.0, 0.19574999999999998, 0.07075, 0.07075], [1.0, 0.0, 0.0, 0.0, 0.0, 0.19574999999999998, 0.07075, 0.07075], [1.0, 0.0, 0.0, 0.0, 0.0, 0.19574999999999998, 0.07075, 0.07075], [1.0, 0.0, 0.0, 0.0, 0.0, 0.19574999999999998, 0.07075, 0.07075], [1.0, 0.0, 0.0, 0.0, 0.0, 0.19574999999999998, 0.07075, 0.07075], [1.0, 0.0, 0.0, 0.0, 0.0, 0.19574999999999998, 0.07075, 0.07075], [1.0, 0.0, 0.0, 0.0, 0.0, 0.19574999999999998, 0.07075, 0.07075], [1.0, 0.0, 0.0, 0.0, 0.0, 0.19574999999999998, 0.07075, 0.07075]]	
('1518116', '9035488', '8769852', '32990507,3225799')	rank:7	pos:1	terms:2	frequency:5	score:1	aggr:[[1.0, 0.0, 0.0, 0.0, 0.0, 0.17789285714285713, 0.07075, 0.07075], [1.0, 0.0, 0.0, 0.0, 0.0, 0.17789285714285713, 0.07075, 0.07075], [1.0, 0.0, 0.0, 0.0, 0.0, 0.17789285714285713, 0.07075, 0.07075], [1.0, 0.0, 0.0, 0.0, 0.0, 0.17789285714285713, 0.07075, 0.07075], [1.0, 0.0, 0.0, 0.0, 0.0, 0.17789285714285713, 0.07075, 0.07075], [1.0, 0.0, 0.0, 0.0, 0.0, 0.17789285714285713, 0.07075, 0.07075], [1.0, 0.0, 0.0, 0.0, 0.0, 0.17789285714285713, 0.07075, 0.07075], [1.0, 0.0, 0.0, 0.0, 0.0, 0.17789285714285713, 0.07075, 0.07075]]	
('1518116', '9035488', '8769852', '14021212,1430122')	rank:8	pos:1	terms:2	frequency:5	score:1	aggr:[[1.0, 0.0, 0.0, 0.0, 0.0, 0.1566, 0.0566, 0.0566], [1.0, 0.0, 0.0, 0.0, 0.0, 0.16449999999999998, 0.07075, 0.07075], [1.0, 0.0, 0.0, 0.0, 0.0, 0.16449999999999998, 0.07075, 0.07075], [1.0, 0.0, 0.0, 0.0, 0.0, 0.16449999999999998, 0.07075, 0.07075], [1.0, 0.0, 0.0, 0.0, 0.0, 0.1566, 0.0566, 0.0566], [1.0, 0.0, 0.0, 0.0, 0.0, 0.16449999999999998, 0.07075, 0.07075], [1.0, 0.0, 0.0, 0.0, 0.0, 0.16449999999999998, 0.07075, 0.07075], [1.0, 0.0, 0.0, 0.0, 0.0, 0.16449999999999998, 0.07075, 0.07075]]	
('1518116', '9035488', '8769852', '26888991,2617682')	rank:9	pos:1	terms:2	frequency:5	score:1	aggr:[[0.9459459459459459, 0.05405405405405406, 0.0, 0.0, 0.0, 0.22048648648648642, 0.026567567567567566, 0.007648648648648648], [1.0, 0.0, 0.0, 0.0, 0.0, 0.2693888888888889, 0.04716666666666666, 0.04716666666666666], [1.0, 0.0, 0.0, 0.0, 0.0, 0.2693888888888889, 0.04716666666666666, 0.04716666666666666], [1.0, 0.0, 0.0, 0.0, 0.0, 0.2693888888888889, 0.04716666666666666, 0.04716666666666666], [0.9459459459459459, 0.05405405405405406, 0.0, 0.0, 0.0, 0.22048648648648642, 0.026567567567567566, 0.007648648648648648], [1.0, 0.0, 0.0, 0.0, 0.0, 0.2693888888888889, 0.04716666666666666, 0.04716666666666666], [1.0, 0.0, 0.0, 0.0, 0.0, 0.2693888888888889, 0.04716666666666666, 0.04716666666666666], [1.0, 0.0, 0.0, 0.0, 0.0, 0.2693888888888889, 0.04716666666666666, 0.04716666666666666]]	
('1518116', '9035488', '8769852', '31457062,3084766')	rank:10	pos:1	terms:2	frequency:5	score:1	aggr:[[1.0, 0.0, 0.0, 0.0, 0.0, 0.14575, 0.07075, 0.07075], [1.0, 0.0, 0.0, 0.0, 0.0, 0.14575, 0.07075, 0.07075], [1.0, 0.0, 0.0, 0.0, 0.0, 0.14575, 0.07075, 0.07075], [1.0, 0.0, 0.0, 0.0, 0.0, 0.14575, 0.07075, 0.07075], [1.0, 0.0, 0.0, 0.0, 0.0, 0.14575, 0.07075, 0.07075], [1.0, 0.0, 0.0, 0.0, 0.0, 0.14575, 0.07075, 0.07075], [1.0, 0.0, 0.0, 0.0, 0.0, 0.14575, 0.07075, 0.07075], [1.0, 0.0, 0.0, 0.0, 0.0, 0.14575, 0.07075, 0.07075]]	
