num_query:28	num_avg_terms:2.46428571429	num_clicks6:1	num_clicks35:3	num_clicks12:17	
('1539872', '9162694', '14094697', '30577172,2976987')	rank:1	pos:1	terms:3	frequency:0	score:2	aggr:[[1.0, 0.0, 0.0, 0.0, 0.0, 0.283, 0.283, 0.283], [1.0, 0.0, 0.0, 0.0, 0.0, 0.283, 0.283, 0.283], [1.0, 0.0, 0.0, 0.0, 0.0, 0.283, 0.283, 0.283], [1.0, 0.0, 0.0, 0.0, 0.0, 0.283, 0.283, 0.283], [1.0, 0.0, 0.0, 0.0, 0.0, 0.283, 0.283, 0.283], [1.0, 0.0, 0.0, 0.0, 0.0, 0.283, 0.283, 0.283], [1.0, 0.0, 0.0, 0.0, 0.0, 0.283, 0.283, 0.283], [1.0, 0.0, 0.0, 0.0, 0.0, 0.283, 0.283, 0.283]]	
('1539872', '9162694', '14094697', '26387559,2597528')	rank:2	pos:1	terms:3	frequency:0	score:5	aggr:[[0.8227513227513228, 0.07539682539682539, 0.006613756613756613, 0.015873015873015872, 0.07936507936507936, 0.2853878810783567, 0.04387920970857478, 0.07144230284706476], [1.0, 0.0, 0.0, 0.0, 0.0, 0.283, 0.283, 0.283], [1.0, 0.0, 0.0, 0.0, 0.0, 0.283, 0.283, 0.283], [1.0, 0.0, 0.0, 0.0, 0.0, 0.283, 0.283, 0.283], [0.8227513227513228, 0.07539682539682539, 0.006613756613756613, 0.015873015873015872, 0.07936507936507936, 0.2853878810783567, 0.04387920970857478, 0.07144230284706476], [1.0, 0.0, 0.0, 0.0, 0.0, 0.283, 0.283, 0.283], [1.0, 0.0, 0.0, 0.0, 0.0, 0.283, 0.283, 0.283], [1.0, 0.0, 0.0, 0.0, 0.0, 0.283, 0.283, 0.283]]	
('1539872', '9162694', '14094697', '11433810,1141041')	rank:3	pos:1	terms:3	frequency:0	score:1	aggr:[[1.0, 0.0, 0.0, 0.0, 0.0, 0.283, 0.283, 0.283], [1.0, 0.0, 0.0, 0.0, 0.0, 0.283, 0.283, 0.283], [1.0, 0.0, 0.0, 0.0, 0.0, 0.283, 0.283, 0.283], [1.0, 0.0, 0.0, 0.0, 0.0, 0.283, 0.283, 0.283], [1.0, 0.0, 0.0, 0.0, 0.0, 0.283, 0.283, 0.283], [1.0, 0.0, 0.0, 0.0, 0.0, 0.283, 0.283, 0.283], [1.0, 0.0, 0.0, 0.0, 0.0, 0.283, 0.283, 0.283], [1.0, 0.0, 0.0, 0.0, 0.0, 0.283, 0.283, 0.283]]	
('1539872', '9162694', '14094697', '62347566,4794403')	rank:4	pos:1	terms:3	frequency:0	score:1	aggr:[[1.0, 0.0, 0.0, 0.0, 0.0, 0.283, 0.283, 0.283], [1.0, 0.0, 0.0, 0.0, 0.0, 0.283, 0.283, 0.283], [1.0, 0.0, 0.0, 0.0, 0.0, 0.283, 0.283, 0.283], [1.0, 0.0, 0.0, 0.0, 0.0, 0.283, 0.283, 0.283], [1.0, 0.0, 0.0, 0.0, 0.0, 0.283, 0.283, 0.283], [1.0, 0.0, 0.0, 0.0, 0.0, 0.283, 0.283, 0.283], [1.0, 0.0, 0.0, 0.0, 0.0, 0.283, 0.283, 0.283], [1.0, 0.0, 0.0, 0.0, 0.0, 0.283, 0.283, 0.283]]	
('1539872', '9162694', '14094697', '41798099,3710991')	rank:5	pos:1	terms:3	frequency:0	score:1	aggr:[[1.0, 0.0, 0.0, 0.0, 0.0, 0.283, 0.283, 0.283], [1.0, 0.0, 0.0, 0.0, 0.0, 0.283, 0.283, 0.283], [1.0, 0.0, 0.0, 0.0, 0.0, 0.283, 0.283, 0.283], [1.0, 0.0, 0.0, 0.0, 0.0, 0.283, 0.283, 0.283], [1.0, 0.0, 0.0, 0.0, 0.0, 0.283, 0.283, 0.283], [1.0, 0.0, 0.0, 0.0, 0.0, 0.283, 0.283, 0.283], [1.0, 0.0, 0.0, 0.0, 0.0, 0.283, 0.283, 0.283], [1.0, 0.0, 0.0, 0.0, 0.0, 0.283, 0.283, 0.283]]	
('1539872', '9162694', '14094697', '16865612,1758186')	rank:6	pos:1	terms:3	frequency:0	score:1	aggr:[[1.0, 0.0, 0.0, 0.0, 0.0, 0.283, 0.283, 0.283], [1.0, 0.0, 0.0, 0.0, 0.0, 0.283, 0.283, 0.283], [1.0, 0.0, 0.0, 0.0, 0.0, 0.283, 0.283, 0.283], [1.0, 0.0, 0.0, 0.0, 0.0, 0.283, 0.283, 0.283], [1.0, 0.0, 0.0, 0.0, 0.0, 0.283, 0.283, 0.283], [1.0, 0.0, 0.0, 0.0, 0.0, 0.283, 0.283, 0.283], [1.0, 0.0, 0.0, 0.0, 0.0, 0.283, 0.283, 0.283], [1.0, 0.0, 0.0, 0.0, 0.0, 0.283, 0.283, 0.283]]	
('1539872', '9162694', '14094697', '22437222,2254521')	rank:7	pos:1	terms:3	frequency:0	score:1	aggr:[[1.0, 0.0, 0.0, 0.0, 0.0, 0.283, 0.283, 0.283], [1.0, 0.0, 0.0, 0.0, 0.0, 0.283, 0.283, 0.283], [1.0, 0.0, 0.0, 0.0, 0.0, 0.283, 0.283, 0.283], [1.0, 0.0, 0.0, 0.0, 0.0, 0.283, 0.283, 0.283], [1.0, 0.0, 0.0, 0.0, 0.0, 0.283, 0.283, 0.283], [1.0, 0.0, 0.0, 0.0, 0.0, 0.283, 0.283, 0.283], [1.0, 0.0, 0.0, 0.0, 0.0, 0.283, 0.283, 0.283], [1.0, 0.0, 0.0, 0.0, 0.0, 0.283, 0.283, 0.283]]	
('1539872', '9162694', '14094697', '38676711,3531754')	rank:8	pos:1	terms:3	frequency:0	score:1	aggr:[[1.0, 0.0, 0.0, 0.0, 0.0, 0.17789285714285713, 0.07075, 0.07075], [1.0, 0.0, 0.0, 0.0, 0.0, 0.283, 0.283, 0.283], [1.0, 0.0, 0.0, 0.0, 0.0, 0.283, 0.283, 0.283], [1.0, 0.0, 0.0, 0.0, 0.0, 0.283, 0.283, 0.283], [1.0, 0.0, 0.0, 0.0, 0.0, 0.17789285714285713, 0.07075, 0.07075], [1.0, 0.0, 0.0, 0.0, 0.0, 0.283, 0.283, 0.283], [1.0, 0.0, 0.0, 0.0, 0.0, 0.283, 0.283, 0.283], [1.0, 0.0, 0.0, 0.0, 0.0, 0.283, 0.283, 0.283]]	
('1539872', '9162694', '14094697', '38644149,3531274')	rank:9	pos:1	terms:3	frequency:0	score:1	aggr:[[1.0, 0.0, 0.0, 0.0, 0.0, 0.283, 0.283, 0.283], [1.0, 0.0, 0.0, 0.0, 0.0, 0.283, 0.283, 0.283], [1.0, 0.0, 0.0, 0.0, 0.0, 0.283, 0.283, 0.283], [1.0, 0.0, 0.0, 0.0, 0.0, 0.283, 0.283, 0.283], [1.0, 0.0, 0.0, 0.0, 0.0, 0.283, 0.283, 0.283], [1.0, 0.0, 0.0, 0.0, 0.0, 0.283, 0.283, 0.283], [1.0, 0.0, 0.0, 0.0, 0.0, 0.283, 0.283, 0.283], [1.0, 0.0, 0.0, 0.0, 0.0, 0.283, 0.283, 0.283]]	
('1539872', '9162694', '14094697', '35131928,3310122')	rank:10	pos:1	terms:3	frequency:0	score:1	aggr:[[1.0, 0.0, 0.0, 0.0, 0.0, 0.204, 0.1415, 0.1415], [1.0, 0.0, 0.0, 0.0, 0.0, 0.283, 0.283, 0.283], [1.0, 0.0, 0.0, 0.0, 0.0, 0.283, 0.283, 0.283], [1.0, 0.0, 0.0, 0.0, 0.0, 0.283, 0.283, 0.283], [1.0, 0.0, 0.0, 0.0, 0.0, 0.204, 0.1415, 0.1415], [1.0, 0.0, 0.0, 0.0, 0.0, 0.283, 0.283, 0.283], [1.0, 0.0, 0.0, 0.0, 0.0, 0.283, 0.283, 0.283], [1.0, 0.0, 0.0, 0.0, 0.0, 0.283, 0.283, 0.283]]	
('1539872', '9162696', '11686903', '54197305,4388959')	rank:1	pos:1	terms:3	frequency:0	score:5	aggr:[[0.7777777777777778, 0.0, 0.0, 0.0, 0.2222222222222222, 0.45737037037037037, 0.03144444444444444, 0.25366666666666665], [0.6, 0.0, 0.0, 0.0, 0.4, 0.4566, 0.0566, 0.4566], [1.0, 0.0, 0.0, 0.0, 0.0, 0.283, 0.283, 0.283], [1.0, 0.0, 0.0, 0.0, 0.0, 0.283, 0.283, 0.283], [0.7777777777777778, 0.0, 0.0, 0.0, 0.2222222222222222, 0.45737037037037037, 0.03144444444444444, 0.25366666666666665], [0.6, 0.0, 0.0, 0.0, 0.4, 0.4566, 0.0566, 0.4566], [1.0, 0.0, 0.0, 0.0, 0.0, 0.283, 0.283, 0.283], [1.0, 0.0, 0.0, 0.0, 0.0, 0.283, 0.283, 0.283]]	
('1539872', '9162696', '11686903', '54197674,4388959')	rank:2	pos:1	terms:3	frequency:0	score:1	aggr:[[0.7777777777777778, 0.0, 0.0, 0.0, 0.2222222222222222, 0.45737037037037037, 0.03144444444444444, 0.25366666666666665], [1.0, 0.0, 0.0, 0.0, 0.0, 0.39149999999999996, 0.1415, 0.1415], [1.0, 0.0, 0.0, 0.0, 0.0, 0.283, 0.283, 0.283], [1.0, 0.0, 0.0, 0.0, 0.0, 0.283, 0.283, 0.283], [0.7777777777777778, 0.0, 0.0, 0.0, 0.2222222222222222, 0.45737037037037037, 0.03144444444444444, 0.25366666666666665], [1.0, 0.0, 0.0, 0.0, 0.0, 0.39149999999999996, 0.1415, 0.1415], [1.0, 0.0, 0.0, 0.0, 0.0, 0.283, 0.283, 0.283], [1.0, 0.0, 0.0, 0.0, 0.0, 0.283, 0.283, 0.283]]	
('1539872', '9162696', '11686903', '54197752,4388959')	rank:3	pos:1	terms:3	frequency:0	score:1	aggr:[[0.7777777777777778, 0.0, 0.0, 0.0, 0.2222222222222222, 0.45737037037037037, 0.03144444444444444, 0.25366666666666665], [1.0, 0.0, 0.0, 0.0, 0.0, 0.283, 0.283, 0.283], [1.0, 0.0, 0.0, 0.0, 0.0, 0.283, 0.283, 0.283], [1.0, 0.0, 0.0, 0.0, 0.0, 0.283, 0.283, 0.283], [0.7777777777777778, 0.0, 0.0, 0.0, 0.2222222222222222, 0.45737037037037037, 0.03144444444444444, 0.25366666666666665], [1.0, 0.0, 0.0, 0.0, 0.0, 0.283, 0.283, 0.283], [1.0, 0.0, 0.0, 0.0, 0.0, 0.283, 0.283, 0.283], [1.0, 0.0, 0.0, 0.0, 0.0, 0.283, 0.283, 0.283]]	
('1539872', '9162696', '11686903', '50429868,4216898')	rank:4	pos:1	terms:3	frequency:0	score:1	aggr:[[0.8571428571428571, 0.07142857142857142, 0.0, 0.0, 0.07142857142857142, 0.3044948979591836, 0.08153571428571428, 0.06367857142857143], [1.0, 0.0, 0.0, 0.0, 0.0, 0.3415833333333333, 0.07075, 0.07075], [1.0, 0.0, 0.0, 0.0, 0.0, 0.283, 0.283, 0.283], [1.0, 0.0, 0.0, 0.0, 0.0, 0.283, 0.283, 0.283], [0.8571428571428571, 0.07142857142857142, 0.0, 0.0, 0.07142857142857142, 0.3044948979591836, 0.08153571428571428, 0.06367857142857143], [1.0, 0.0, 0.0, 0.0, 0.0, 0.3415833333333333, 0.07075, 0.07075], [1.0, 0.0, 0.0, 0.0, 0.0, 0.283, 0.283, 0.283], [1.0, 0.0, 0.0, 0.0, 0.0, 0.283, 0.283, 0.283]]	
('1539872', '9162696', '11686903', '50429811,4216898')	rank:5	pos:1	terms:3	frequency:0	score:1	aggr:[[0.8571428571428571, 0.07142857142857142, 0.0, 0.0, 0.07142857142857142, 0.3044948979591836, 0.08153571428571428, 0.06367857142857143], [1.0, 0.0, 0.0, 0.0, 0.0, 0.39149999999999996, 0.1415, 0.1415], [1.0, 0.0, 0.0, 0.0, 0.0, 0.283, 0.283, 0.283], [1.0, 0.0, 0.0, 0.0, 0.0, 0.283, 0.283, 0.283], [0.8571428571428571, 0.07142857142857142, 0.0, 0.0, 0.07142857142857142, 0.3044948979591836, 0.08153571428571428, 0.06367857142857143], [1.0, 0.0, 0.0, 0.0, 0.0, 0.39149999999999996, 0.1415, 0.1415], [1.0, 0.0, 0.0, 0.0, 0.0, 0.283, 0.283, 0.283], [1.0, 0.0, 0.0, 0.0, 0.0, 0.283, 0.283, 0.283]]	
('1539872', '9162696', '11686903', '37217093,3442758')	rank:6	pos:1	terms:3	frequency:0	score:1	aggr:[[0.8181818181818182, 0.07272727272727272, 0.01818181818181818, 0.0, 0.09090909090909091, 0.145621645021645, 0.037569696969696975, 0.08393333333333333], [1.0, 0.0, 0.0, 0.0, 0.0, 0.19813095238095235, 0.07075, 0.07075], [1.0, 0.0, 0.0, 0.0, 0.0, 0.283, 0.283, 0.283], [1.0, 0.0, 0.0, 0.0, 0.0, 0.283, 0.283, 0.283], [0.8181818181818182, 0.07272727272727272, 0.01818181818181818, 0.0, 0.09090909090909091, 0.145621645021645, 0.037569696969696975, 0.08393333333333333], [1.0, 0.0, 0.0, 0.0, 0.0, 0.19813095238095235, 0.07075, 0.07075], [1.0, 0.0, 0.0, 0.0, 0.0, 0.283, 0.283, 0.283], [1.0, 0.0, 0.0, 0.0, 0.0, 0.283, 0.283, 0.283]]	
('1539872', '9162696', '11686903', '50503550,4217490')	rank:7	pos:1	terms:3	frequency:0	score:1	aggr:[[1.0, 0.0, 0.0, 0.0, 0.0, 0.1981904761904762, 0.020214285714285712, 0.020214285714285712], [1.0, 0.0, 0.0, 0.0, 0.0, 0.22491666666666665, 0.07075, 0.07075], [1.0, 0.0, 0.0, 0.0, 0.0, 0.283, 0.283, 0.283], [1.0, 0.0, 0.0, 0.0, 0.0, 0.283, 0.283, 0.283], [1.0, 0.0, 0.0, 0.0, 0.0, 0.1981904761904762, 0.020214285714285712, 0.020214285714285712], [1.0, 0.0, 0.0, 0.0, 0.0, 0.22491666666666665, 0.07075, 0.07075], [1.0, 0.0, 0.0, 0.0, 0.0, 0.283, 0.283, 0.283], [1.0, 0.0, 0.0, 0.0, 0.0, 0.283, 0.283, 0.283]]	
('1539872', '9162696', '11686903', '50418726,4216838')	rank:8	pos:1	terms:3	frequency:0	score:1	aggr:[[1.0, 0.0, 0.0, 0.0, 0.0, 0.14802380952380953, 0.035375, 0.035375], [1.0, 0.0, 0.0, 0.0, 0.0, 0.17938095238095236, 0.07075, 0.07075], [1.0, 0.0, 0.0, 0.0, 0.0, 0.283, 0.283, 0.283], [1.0, 0.0, 0.0, 0.0, 0.0, 0.283, 0.283, 0.283], [1.0, 0.0, 0.0, 0.0, 0.0, 0.14802380952380953, 0.035375, 0.035375], [1.0, 0.0, 0.0, 0.0, 0.0, 0.17938095238095236, 0.07075, 0.07075], [1.0, 0.0, 0.0, 0.0, 0.0, 0.283, 0.283, 0.283], [1.0, 0.0, 0.0, 0.0, 0.0, 0.283, 0.283, 0.283]]	
('1539872', '9162696', '11686903', '57494515,4539292')	rank:9	pos:1	terms:3	frequency:0	score:1	aggr:[[1.0, 0.0, 0.0, 0.0, 0.0, 0.16026984126984128, 0.040428571428571425, 0.040428571428571425], [1.0, 0.0, 0.0, 0.0, 0.0, 0.15755555555555556, 0.07075, 0.07075], [1.0, 0.0, 0.0, 0.0, 0.0, 0.283, 0.283, 0.283], [1.0, 0.0, 0.0, 0.0, 0.0, 0.283, 0.283, 0.283], [1.0, 0.0, 0.0, 0.0, 0.0, 0.16026984126984128, 0.040428571428571425, 0.040428571428571425], [1.0, 0.0, 0.0, 0.0, 0.0, 0.15755555555555556, 0.07075, 0.07075], [1.0, 0.0, 0.0, 0.0, 0.0, 0.283, 0.283, 0.283], [1.0, 0.0, 0.0, 0.0, 0.0, 0.283, 0.283, 0.283]]	
('1539872', '9162696', '11686903', '63334845,4843007')	rank:10	pos:1	terms:3	frequency:0	score:1	aggr:[[1.0, 0.0, 0.0, 0.0, 0.0, 0.283, 0.283, 0.283], [1.0, 0.0, 0.0, 0.0, 0.0, 0.283, 0.283, 0.283], [1.0, 0.0, 0.0, 0.0, 0.0, 0.283, 0.283, 0.283], [1.0, 0.0, 0.0, 0.0, 0.0, 0.283, 0.283, 0.283], [1.0, 0.0, 0.0, 0.0, 0.0, 0.283, 0.283, 0.283], [1.0, 0.0, 0.0, 0.0, 0.0, 0.283, 0.283, 0.283], [1.0, 0.0, 0.0, 0.0, 0.0, 0.283, 0.283, 0.283], [1.0, 0.0, 0.0, 0.0, 0.0, 0.283, 0.283, 0.283]]	
('1539872', '9162701', '4496397', '38369473,3509852')	rank:1	pos:1	terms:2	frequency:0	score:1	aggr:[[1.0, 0.0, 0.0, 0.0, 0.0, 0.283, 0.283, 0.283], [1.0, 0.0, 0.0, 0.0, 0.0, 0.283, 0.283, 0.283], [1.0, 0.0, 0.0, 0.0, 0.0, 0.283, 0.283, 0.283], [1.0, 0.0, 0.0, 0.0, 0.0, 0.283, 0.283, 0.283], [1.0, 0.0, 0.0, 0.0, 0.0, 0.283, 0.283, 0.283], [1.0, 0.0, 0.0, 0.0, 0.0, 0.283, 0.283, 0.283], [1.0, 0.0, 0.0, 0.0, 0.0, 0.283, 0.283, 0.283], [1.0, 0.0, 0.0, 0.0, 0.0, 0.283, 0.283, 0.283]]	
('1539872', '9162701', '4496397', '20422220,2098872')	rank:2	pos:1	terms:2	frequency:0	score:1	aggr:[[1.0, 0.0, 0.0, 0.0, 0.0, 0.283, 0.283, 0.283], [1.0, 0.0, 0.0, 0.0, 0.0, 0.283, 0.283, 0.283], [1.0, 0.0, 0.0, 0.0, 0.0, 0.283, 0.283, 0.283], [1.0, 0.0, 0.0, 0.0, 0.0, 0.283, 0.283, 0.283], [1.0, 0.0, 0.0, 0.0, 0.0, 0.283, 0.283, 0.283], [1.0, 0.0, 0.0, 0.0, 0.0, 0.283, 0.283, 0.283], [1.0, 0.0, 0.0, 0.0, 0.0, 0.283, 0.283, 0.283], [1.0, 0.0, 0.0, 0.0, 0.0, 0.283, 0.283, 0.283]]	
('1539872', '9162701', '4496397', '4769729,632830')	rank:3	pos:1	terms:2	frequency:0	score:1	aggr:[[1.0, 0.0, 0.0, 0.0, 0.0, 0.283, 0.283, 0.283], [1.0, 0.0, 0.0, 0.0, 0.0, 0.283, 0.283, 0.283], [1.0, 0.0, 0.0, 0.0, 0.0, 0.283, 0.283, 0.283], [1.0, 0.0, 0.0, 0.0, 0.0, 0.283, 0.283, 0.283], [1.0, 0.0, 0.0, 0.0, 0.0, 0.283, 0.283, 0.283], [1.0, 0.0, 0.0, 0.0, 0.0, 0.283, 0.283, 0.283], [1.0, 0.0, 0.0, 0.0, 0.0, 0.283, 0.283, 0.283], [1.0, 0.0, 0.0, 0.0, 0.0, 0.283, 0.283, 0.283]]	
('1539872', '9162701', '4496397', '40383112,3612394')	rank:4	pos:1	terms:2	frequency:0	score:1	aggr:[[1.0, 0.0, 0.0, 0.0, 0.0, 0.283, 0.283, 0.283], [1.0, 0.0, 0.0, 0.0, 0.0, 0.283, 0.283, 0.283], [1.0, 0.0, 0.0, 0.0, 0.0, 0.283, 0.283, 0.283], [1.0, 0.0, 0.0, 0.0, 0.0, 0.283, 0.283, 0.283], [1.0, 0.0, 0.0, 0.0, 0.0, 0.283, 0.283, 0.283], [1.0, 0.0, 0.0, 0.0, 0.0, 0.283, 0.283, 0.283], [1.0, 0.0, 0.0, 0.0, 0.0, 0.283, 0.283, 0.283], [1.0, 0.0, 0.0, 0.0, 0.0, 0.283, 0.283, 0.283]]	
('1539872', '9162701', '4496397', '60511504,4688994')	rank:5	pos:1	terms:2	frequency:0	score:1	aggr:[[1.0, 0.0, 0.0, 0.0, 0.0, 0.15675238095238095, 0.0283, 0.0283], [1.0, 0.0, 0.0, 0.0, 0.0, 0.283, 0.283, 0.283], [1.0, 0.0, 0.0, 0.0, 0.0, 0.283, 0.283, 0.283], [1.0, 0.0, 0.0, 0.0, 0.0, 0.283, 0.283, 0.283], [1.0, 0.0, 0.0, 0.0, 0.0, 0.15675238095238095, 0.0283, 0.0283], [1.0, 0.0, 0.0, 0.0, 0.0, 0.283, 0.283, 0.283], [1.0, 0.0, 0.0, 0.0, 0.0, 0.283, 0.283, 0.283], [1.0, 0.0, 0.0, 0.0, 0.0, 0.283, 0.283, 0.283]]	
('1539872', '9162701', '4496397', '62306447,4791623')	rank:6	pos:1	terms:2	frequency:0	score:1	aggr:[[1.0, 0.0, 0.0, 0.0, 0.0, 0.36253296703296706, 0.010884615384615383, 0.010884615384615383], [1.0, 0.0, 0.0, 0.0, 0.0, 0.283, 0.283, 0.283], [1.0, 0.0, 0.0, 0.0, 0.0, 0.283, 0.283, 0.283], [1.0, 0.0, 0.0, 0.0, 0.0, 0.283, 0.283, 0.283], [1.0, 0.0, 0.0, 0.0, 0.0, 0.36253296703296706, 0.010884615384615383, 0.010884615384615383], [1.0, 0.0, 0.0, 0.0, 0.0, 0.283, 0.283, 0.283], [1.0, 0.0, 0.0, 0.0, 0.0, 0.283, 0.283, 0.283], [1.0, 0.0, 0.0, 0.0, 0.0, 0.283, 0.283, 0.283]]	
('1539872', '9162701', '4496397', '31210033,3050700')	rank:7	pos:1	terms:2	frequency:0	score:1	aggr:[[1.0, 0.0, 0.0, 0.0, 0.0, 0.1650376984126984, 0.035375, 0.035375], [1.0, 0.0, 0.0, 0.0, 0.0, 0.283, 0.283, 0.283], [1.0, 0.0, 0.0, 0.0, 0.0, 0.283, 0.283, 0.283], [1.0, 0.0, 0.0, 0.0, 0.0, 0.283, 0.283, 0.283], [1.0, 0.0, 0.0, 0.0, 0.0, 0.1650376984126984, 0.035375, 0.035375], [1.0, 0.0, 0.0, 0.0, 0.0, 0.283, 0.283, 0.283], [1.0, 0.0, 0.0, 0.0, 0.0, 0.283, 0.283, 0.283], [1.0, 0.0, 0.0, 0.0, 0.0, 0.283, 0.283, 0.283]]	
('1539872', '9162701', '4496397', '45662971,3932793')	rank:8	pos:1	terms:2	frequency:0	score:1	aggr:[[0.5, 0.0, 0.0, 0.5, 0.0, 0.1415, 0.1415, 0.26649999999999996], [1.0, 0.0, 0.0, 0.0, 0.0, 0.283, 0.283, 0.283], [1.0, 0.0, 0.0, 0.0, 0.0, 0.283, 0.283, 0.283], [1.0, 0.0, 0.0, 0.0, 0.0, 0.283, 0.283, 0.283], [0.5, 0.0, 0.0, 0.5, 0.0, 0.1415, 0.1415, 0.26649999999999996], [1.0, 0.0, 0.0, 0.0, 0.0, 0.283, 0.283, 0.283], [1.0, 0.0, 0.0, 0.0, 0.0, 0.283, 0.283, 0.283], [1.0, 0.0, 0.0, 0.0, 0.0, 0.283, 0.283, 0.283]]	
('1539872', '9162701', '4496397', '29206442,2863182')	rank:9	pos:1	terms:2	frequency:0	score:1	aggr:[[0.8666666666666667, 0.0, 0.06666666666666667, 0.06666666666666667, 0.0, 0.17976613756613755, 0.018866666666666664, 0.11886666666666666], [1.0, 0.0, 0.0, 0.0, 0.0, 0.283, 0.283, 0.283], [1.0, 0.0, 0.0, 0.0, 0.0, 0.283, 0.283, 0.283], [1.0, 0.0, 0.0, 0.0, 0.0, 0.283, 0.283, 0.283], [0.8666666666666667, 0.0, 0.06666666666666667, 0.06666666666666667, 0.0, 0.17976613756613755, 0.018866666666666664, 0.11886666666666666], [1.0, 0.0, 0.0, 0.0, 0.0, 0.283, 0.283, 0.283], [1.0, 0.0, 0.0, 0.0, 0.0, 0.283, 0.283, 0.283], [1.0, 0.0, 0.0, 0.0, 0.0, 0.283, 0.283, 0.283]]	
('1539872', '9162701', '4496397', '3275460,443265')	rank:10	pos:1	terms:2	frequency:0	score:1	aggr:[[0.98, 0.02, 0.0, 0.0, 0.0, 0.22350126984126978, 0.02566, 0.005659999999999999], [1.0, 0.0, 0.0, 0.0, 0.0, 0.283, 0.283, 0.283], [1.0, 0.0, 0.0, 0.0, 0.0, 0.283, 0.283, 0.283], [1.0, 0.0, 0.0, 0.0, 0.0, 0.283, 0.283, 0.283], [0.98, 0.02, 0.0, 0.0, 0.0, 0.22350126984126978, 0.02566, 0.005659999999999999], [1.0, 0.0, 0.0, 0.0, 0.0, 0.283, 0.283, 0.283], [1.0, 0.0, 0.0, 0.0, 0.0, 0.283, 0.283, 0.283], [1.0, 0.0, 0.0, 0.0, 0.0, 0.283, 0.283, 0.283]]	
('1539872', '9162703', '12470127', '26217036,2597528')	rank:1	pos:1	terms:2	frequency:0	score:5	aggr:[[0.8227513227513228, 0.07539682539682539, 0.006613756613756613, 0.015873015873015872, 0.07936507936507936, 0.2853878810783567, 0.04387920970857478, 0.07144230284706476], [1.0, 0.0, 0.0, 0.0, 0.0, 0.283, 0.283, 0.283], [1.0, 0.0, 0.0, 0.0, 0.0, 0.283, 0.283, 0.283], [1.0, 0.0, 0.0, 0.0, 0.0, 0.283, 0.283, 0.283], [0.8227513227513228, 0.07539682539682539, 0.006613756613756613, 0.015873015873015872, 0.07936507936507936, 0.2853878810783567, 0.04387920970857478, 0.07144230284706476], [1.0, 0.0, 0.0, 0.0, 0.0, 0.283, 0.283, 0.283], [1.0, 0.0, 0.0, 0.0, 0.0, 0.283, 0.283, 0.283], [1.0, 0.0, 0.0, 0.0, 0.0, 0.283, 0.283, 0.283]]	
('1539872', '9162703', '12470127', '41588729,3697449')	rank:2	pos:1	terms:2	frequency:0	score:1	aggr:[[1.0, 0.0, 0.0, 0.0, 0.0, 0.283, 0.283, 0.283], [1.0, 0.0, 0.0, 0.0, 0.0, 0.283, 0.283, 0.283], [1.0, 0.0, 0.0, 0.0, 0.0, 0.283, 0.283, 0.283], [1.0, 0.0, 0.0, 0.0, 0.0, 0.283, 0.283, 0.283], [1.0, 0.0, 0.0, 0.0, 0.0, 0.283, 0.283, 0.283], [1.0, 0.0, 0.0, 0.0, 0.0, 0.283, 0.283, 0.283], [1.0, 0.0, 0.0, 0.0, 0.0, 0.283, 0.283, 0.283], [1.0, 0.0, 0.0, 0.0, 0.0, 0.283, 0.283, 0.283]]	
('1539872', '9162703', '12470127', '7719287,943850')	rank:3	pos:1	terms:2	frequency:0	score:1	aggr:[[0.9230769230769231, 0.042735042735042736, 0.0, 0.0, 0.03418803418803419, 0.25166585266585256, 0.01574806674806675, 0.03090883190883191], [1.0, 0.0, 0.0, 0.0, 0.0, 0.283, 0.283, 0.283], [1.0, 0.0, 0.0, 0.0, 0.0, 0.283, 0.283, 0.283], [1.0, 0.0, 0.0, 0.0, 0.0, 0.283, 0.283, 0.283], [0.9230769230769231, 0.042735042735042736, 0.0, 0.0, 0.03418803418803419, 0.25166585266585256, 0.01574806674806675, 0.03090883190883191], [1.0, 0.0, 0.0, 0.0, 0.0, 0.283, 0.283, 0.283], [1.0, 0.0, 0.0, 0.0, 0.0, 0.283, 0.283, 0.283], [1.0, 0.0, 0.0, 0.0, 0.0, 0.283, 0.283, 0.283]]	
('1539872', '9162703', '12470127', '16823403,1750932')	rank:4	pos:1	terms:2	frequency:0	score:1	aggr:[[1.0, 0.0, 0.0, 0.0, 0.0, 0.283, 0.283, 0.283], [1.0, 0.0, 0.0, 0.0, 0.0, 0.283, 0.283, 0.283], [1.0, 0.0, 0.0, 0.0, 0.0, 0.283, 0.283, 0.283], [1.0, 0.0, 0.0, 0.0, 0.0, 0.283, 0.283, 0.283], [1.0, 0.0, 0.0, 0.0, 0.0, 0.283, 0.283, 0.283], [1.0, 0.0, 0.0, 0.0, 0.0, 0.283, 0.283, 0.283], [1.0, 0.0, 0.0, 0.0, 0.0, 0.283, 0.283, 0.283], [1.0, 0.0, 0.0, 0.0, 0.0, 0.283, 0.283, 0.283]]	
('1539872', '9162703', '12470127', '3838091,509926')	rank:5	pos:1	terms:2	frequency:0	score:1	aggr:[[1.0, 0.0, 0.0, 0.0, 0.0, 0.2415, 0.1415, 0.1415], [1.0, 0.0, 0.0, 0.0, 0.0, 0.283, 0.283, 0.283], [1.0, 0.0, 0.0, 0.0, 0.0, 0.283, 0.283, 0.283], [1.0, 0.0, 0.0, 0.0, 0.0, 0.283, 0.283, 0.283], [1.0, 0.0, 0.0, 0.0, 0.0, 0.2415, 0.1415, 0.1415], [1.0, 0.0, 0.0, 0.0, 0.0, 0.283, 0.283, 0.283], [1.0, 0.0, 0.0, 0.0, 0.0, 0.283, 0.283, 0.283], [1.0, 0.0, 0.0, 0.0, 0.0, 0.283, 0.283, 0.283]]	
('1539872', '9162703', '12470127', '67213385,5058217')	rank:6	pos:1	terms:2	frequency:0	score:1	aggr:[[1.0, 0.0, 0.0, 0.0, 0.0, 0.283, 0.283, 0.283], [1.0, 0.0, 0.0, 0.0, 0.0, 0.283, 0.283, 0.283], [1.0, 0.0, 0.0, 0.0, 0.0, 0.283, 0.283, 0.283], [1.0, 0.0, 0.0, 0.0, 0.0, 0.283, 0.283, 0.283], [1.0, 0.0, 0.0, 0.0, 0.0, 0.283, 0.283, 0.283], [1.0, 0.0, 0.0, 0.0, 0.0, 0.283, 0.283, 0.283], [1.0, 0.0, 0.0, 0.0, 0.0, 0.283, 0.283, 0.283], [1.0, 0.0, 0.0, 0.0, 0.0, 0.283, 0.283, 0.283]]	
('1539872', '9162703', '12470127', '13096948,1328951')	rank:7	pos:1	terms:2	frequency:0	score:1	aggr:[[1.0, 0.0, 0.0, 0.0, 0.0, 0.19705555555555554, 0.1415, 0.1415], [1.0, 0.0, 0.0, 0.0, 0.0, 0.283, 0.283, 0.283], [1.0, 0.0, 0.0, 0.0, 0.0, 0.283, 0.283, 0.283], [1.0, 0.0, 0.0, 0.0, 0.0, 0.283, 0.283, 0.283], [1.0, 0.0, 0.0, 0.0, 0.0, 0.19705555555555554, 0.1415, 0.1415], [1.0, 0.0, 0.0, 0.0, 0.0, 0.283, 0.283, 0.283], [1.0, 0.0, 0.0, 0.0, 0.0, 0.283, 0.283, 0.283], [1.0, 0.0, 0.0, 0.0, 0.0, 0.283, 0.283, 0.283]]	
('1539872', '9162703', '12470127', '67811158,5088414')	rank:8	pos:1	terms:2	frequency:0	score:1	aggr:[[1.0, 0.0, 0.0, 0.0, 0.0, 0.283, 0.283, 0.283], [1.0, 0.0, 0.0, 0.0, 0.0, 0.283, 0.283, 0.283], [1.0, 0.0, 0.0, 0.0, 0.0, 0.283, 0.283, 0.283], [1.0, 0.0, 0.0, 0.0, 0.0, 0.283, 0.283, 0.283], [1.0, 0.0, 0.0, 0.0, 0.0, 0.283, 0.283, 0.283], [1.0, 0.0, 0.0, 0.0, 0.0, 0.283, 0.283, 0.283], [1.0, 0.0, 0.0, 0.0, 0.0, 0.283, 0.283, 0.283], [1.0, 0.0, 0.0, 0.0, 0.0, 0.283, 0.283, 0.283]]	
('1539872', '9162703', '12470127', '24507807,2445980')	rank:9	pos:1	terms:2	frequency:0	score:1	aggr:[[1.0, 0.0, 0.0, 0.0, 0.0, 0.283, 0.283, 0.283], [1.0, 0.0, 0.0, 0.0, 0.0, 0.283, 0.283, 0.283], [1.0, 0.0, 0.0, 0.0, 0.0, 0.283, 0.283, 0.283], [1.0, 0.0, 0.0, 0.0, 0.0, 0.283, 0.283, 0.283], [1.0, 0.0, 0.0, 0.0, 0.0, 0.283, 0.283, 0.283], [1.0, 0.0, 0.0, 0.0, 0.0, 0.283, 0.283, 0.283], [1.0, 0.0, 0.0, 0.0, 0.0, 0.283, 0.283, 0.283], [1.0, 0.0, 0.0, 0.0, 0.0, 0.283, 0.283, 0.283]]	
('1539872', '9162703', '12470127', '3564939,481752')	rank:10	pos:1	terms:2	frequency:0	score:1	aggr:[[1.0, 0.0, 0.0, 0.0, 0.0, 0.16840740740740742, 0.09433333333333332, 0.09433333333333332], [1.0, 0.0, 0.0, 0.0, 0.0, 0.283, 0.283, 0.283], [1.0, 0.0, 0.0, 0.0, 0.0, 0.283, 0.283, 0.283], [1.0, 0.0, 0.0, 0.0, 0.0, 0.283, 0.283, 0.283], [1.0, 0.0, 0.0, 0.0, 0.0, 0.16840740740740742, 0.09433333333333332, 0.09433333333333332], [1.0, 0.0, 0.0, 0.0, 0.0, 0.283, 0.283, 0.283], [1.0, 0.0, 0.0, 0.0, 0.0, 0.283, 0.283, 0.283], [1.0, 0.0, 0.0, 0.0, 0.0, 0.283, 0.283, 0.283]]	
('1539872', '9162705', '2304787', '49754835,4172502')	rank:1	pos:1	terms:2	frequency:0	score:5	aggr:[[1.0, 0.0, 0.0, 0.0, 0.0, 0.283, 0.283, 0.283], [1.0, 0.0, 0.0, 0.0, 0.0, 0.283, 0.283, 0.283], [1.0, 0.0, 0.0, 0.0, 0.0, 0.283, 0.283, 0.283], [1.0, 0.0, 0.0, 0.0, 0.0, 0.283, 0.283, 0.283], [1.0, 0.0, 0.0, 0.0, 0.0, 0.283, 0.283, 0.283], [1.0, 0.0, 0.0, 0.0, 0.0, 0.283, 0.283, 0.283], [1.0, 0.0, 0.0, 0.0, 0.0, 0.283, 0.283, 0.283], [1.0, 0.0, 0.0, 0.0, 0.0, 0.283, 0.283, 0.283]]	
('1539872', '9162705', '2304787', '14157571,1451098')	rank:2	pos:1	terms:2	frequency:0	score:1	aggr:[[1.0, 0.0, 0.0, 0.0, 0.0, 0.283, 0.283, 0.283], [1.0, 0.0, 0.0, 0.0, 0.0, 0.283, 0.283, 0.283], [1.0, 0.0, 0.0, 0.0, 0.0, 0.283, 0.283, 0.283], [1.0, 0.0, 0.0, 0.0, 0.0, 0.283, 0.283, 0.283], [1.0, 0.0, 0.0, 0.0, 0.0, 0.283, 0.283, 0.283], [1.0, 0.0, 0.0, 0.0, 0.0, 0.283, 0.283, 0.283], [1.0, 0.0, 0.0, 0.0, 0.0, 0.283, 0.283, 0.283], [1.0, 0.0, 0.0, 0.0, 0.0, 0.283, 0.283, 0.283]]	
('1539872', '9162705', '2304787', '14157374,1451093')	rank:3	pos:1	terms:2	frequency:0	score:1	aggr:[[1.0, 0.0, 0.0, 0.0, 0.0, 0.283, 0.283, 0.283], [1.0, 0.0, 0.0, 0.0, 0.0, 0.283, 0.283, 0.283], [1.0, 0.0, 0.0, 0.0, 0.0, 0.283, 0.283, 0.283], [1.0, 0.0, 0.0, 0.0, 0.0, 0.283, 0.283, 0.283], [1.0, 0.0, 0.0, 0.0, 0.0, 0.283, 0.283, 0.283], [1.0, 0.0, 0.0, 0.0, 0.0, 0.283, 0.283, 0.283], [1.0, 0.0, 0.0, 0.0, 0.0, 0.283, 0.283, 0.283], [1.0, 0.0, 0.0, 0.0, 0.0, 0.283, 0.283, 0.283]]	
('1539872', '9162705', '2304787', '14157582,1451099')	rank:4	pos:1	terms:2	frequency:0	score:1	aggr:[[1.0, 0.0, 0.0, 0.0, 0.0, 0.283, 0.283, 0.283], [1.0, 0.0, 0.0, 0.0, 0.0, 0.283, 0.283, 0.283], [1.0, 0.0, 0.0, 0.0, 0.0, 0.283, 0.283, 0.283], [1.0, 0.0, 0.0, 0.0, 0.0, 0.283, 0.283, 0.283], [1.0, 0.0, 0.0, 0.0, 0.0, 0.283, 0.283, 0.283], [1.0, 0.0, 0.0, 0.0, 0.0, 0.283, 0.283, 0.283], [1.0, 0.0, 0.0, 0.0, 0.0, 0.283, 0.283, 0.283], [1.0, 0.0, 0.0, 0.0, 0.0, 0.283, 0.283, 0.283]]	
('1539872', '9162705', '2304787', '26462352,2597528')	rank:5	pos:1	terms:2	frequency:0	score:1	aggr:[[0.8227513227513228, 0.07539682539682539, 0.006613756613756613, 0.015873015873015872, 0.07936507936507936, 0.2853878810783567, 0.04387920970857478, 0.07144230284706476], [1.0, 0.0, 0.0, 0.0, 0.0, 0.283, 0.283, 0.283], [1.0, 0.0, 0.0, 0.0, 0.0, 0.283, 0.283, 0.283], [1.0, 0.0, 0.0, 0.0, 0.0, 0.283, 0.283, 0.283], [0.8227513227513228, 0.07539682539682539, 0.006613756613756613, 0.015873015873015872, 0.07936507936507936, 0.2853878810783567, 0.04387920970857478, 0.07144230284706476], [1.0, 0.0, 0.0, 0.0, 0.0, 0.283, 0.283, 0.283], [1.0, 0.0, 0.0, 0.0, 0.0, 0.283, 0.283, 0.283], [1.0, 0.0, 0.0, 0.0, 0.0, 0.283, 0.283, 0.283]]	
('1539872', '9162705', '2304787', '11485988,1143888')	rank:6	pos:1	terms:2	frequency:0	score:1	aggr:[[0.8333333333333334, 0.16666666666666666, 0.0, 0.0, 0.0, 0.15202248677248675, 0.06108333333333332, 0.02358333333333333], [1.0, 0.0, 0.0, 0.0, 0.0, 0.283, 0.283, 0.283], [1.0, 0.0, 0.0, 0.0, 0.0, 0.283, 0.283, 0.283], [1.0, 0.0, 0.0, 0.0, 0.0, 0.283, 0.283, 0.283], [0.8333333333333334, 0.16666666666666666, 0.0, 0.0, 0.0, 0.15202248677248675, 0.06108333333333332, 0.02358333333333333], [1.0, 0.0, 0.0, 0.0, 0.0, 0.283, 0.283, 0.283], [1.0, 0.0, 0.0, 0.0, 0.0, 0.283, 0.283, 0.283], [1.0, 0.0, 0.0, 0.0, 0.0, 0.283, 0.283, 0.283]]	
('1539872', '9162705', '2304787', '14107553,1442461')	rank:7	pos:1	terms:2	frequency:0	score:1	aggr:[[1.0, 0.0, 0.0, 0.0, 0.0, 0.283, 0.283, 0.283], [1.0, 0.0, 0.0, 0.0, 0.0, 0.283, 0.283, 0.283], [1.0, 0.0, 0.0, 0.0, 0.0, 0.283, 0.283, 0.283], [1.0, 0.0, 0.0, 0.0, 0.0, 0.283, 0.283, 0.283], [1.0, 0.0, 0.0, 0.0, 0.0, 0.283, 0.283, 0.283], [1.0, 0.0, 0.0, 0.0, 0.0, 0.283, 0.283, 0.283], [1.0, 0.0, 0.0, 0.0, 0.0, 0.283, 0.283, 0.283], [1.0, 0.0, 0.0, 0.0, 0.0, 0.283, 0.283, 0.283]]	
('1539872', '9162705', '2304787', '30015145,2917260')	rank:8	pos:1	terms:2	frequency:0	score:1	aggr:[[0.9565217391304348, 0.043478260869565216, 0.0, 0.0, 0.0, 0.20402277432712215, 0.017739130434782608, 0.012304347826086956], [1.0, 0.0, 0.0, 0.0, 0.0, 0.283, 0.283, 0.283], [1.0, 0.0, 0.0, 0.0, 0.0, 0.283, 0.283, 0.283], [1.0, 0.0, 0.0, 0.0, 0.0, 0.283, 0.283, 0.283], [0.9565217391304348, 0.043478260869565216, 0.0, 0.0, 0.0, 0.20402277432712215, 0.017739130434782608, 0.012304347826086956], [1.0, 0.0, 0.0, 0.0, 0.0, 0.283, 0.283, 0.283], [1.0, 0.0, 0.0, 0.0, 0.0, 0.283, 0.283, 0.283], [1.0, 0.0, 0.0, 0.0, 0.0, 0.283, 0.283, 0.283]]	
('1539872', '9162705', '2304787', '55522148,4440715')	rank:9	pos:1	terms:2	frequency:0	score:1	aggr:[[0.8372093023255814, 0.11627906976744186, 0.0, 0.0, 0.046511627906976744, 0.2484326319675156, 0.10292691029900332, 0.0375891472868217], [1.0, 0.0, 0.0, 0.0, 0.0, 0.283, 0.283, 0.283], [1.0, 0.0, 0.0, 0.0, 0.0, 0.283, 0.283, 0.283], [1.0, 0.0, 0.0, 0.0, 0.0, 0.283, 0.283, 0.283], [0.8372093023255814, 0.11627906976744186, 0.0, 0.0, 0.046511627906976744, 0.2484326319675156, 0.10292691029900332, 0.0375891472868217], [1.0, 0.0, 0.0, 0.0, 0.0, 0.283, 0.283, 0.283], [1.0, 0.0, 0.0, 0.0, 0.0, 0.283, 0.283, 0.283], [1.0, 0.0, 0.0, 0.0, 0.0, 0.283, 0.283, 0.283]]	
('1539872', '9162705', '2304787', '7772315,943850')	rank:10	pos:1	terms:2	frequency:0	score:1	aggr:[[0.9230769230769231, 0.042735042735042736, 0.0, 0.0, 0.03418803418803419, 0.25166585266585256, 0.01574806674806675, 0.03090883190883191], [1.0, 0.0, 0.0, 0.0, 0.0, 0.283, 0.283, 0.283], [1.0, 0.0, 0.0, 0.0, 0.0, 0.283, 0.283, 0.283], [1.0, 0.0, 0.0, 0.0, 0.0, 0.283, 0.283, 0.283], [0.9230769230769231, 0.042735042735042736, 0.0, 0.0, 0.03418803418803419, 0.25166585266585256, 0.01574806674806675, 0.03090883190883191], [1.0, 0.0, 0.0, 0.0, 0.0, 0.283, 0.283, 0.283], [1.0, 0.0, 0.0, 0.0, 0.0, 0.283, 0.283, 0.283], [1.0, 0.0, 0.0, 0.0, 0.0, 0.283, 0.283, 0.283]]	
('1539872', '9162706', '5723792', '47075369,3998932')	rank:1	pos:1	terms:5	frequency:0	score:5	aggr:[[0.9411764705882353, 0.0, 0.0, 0.0, 0.058823529411764705, 0.23494771241830067, 0.01664705882352941, 0.07547058823529411], [1.0, 0.0, 0.0, 0.0, 0.0, 0.283, 0.283, 0.283], [1.0, 0.0, 0.0, 0.0, 0.0, 0.283, 0.283, 0.283], [1.0, 0.0, 0.0, 0.0, 0.0, 0.283, 0.283, 0.283], [0.9411764705882353, 0.0, 0.0, 0.0, 0.058823529411764705, 0.23494771241830067, 0.01664705882352941, 0.07547058823529411], [1.0, 0.0, 0.0, 0.0, 0.0, 0.283, 0.283, 0.283], [1.0, 0.0, 0.0, 0.0, 0.0, 0.283, 0.283, 0.283], [1.0, 0.0, 0.0, 0.0, 0.0, 0.283, 0.283, 0.283]]	
('1539872', '9162706', '5723792', '56309797,4469322')	rank:2	pos:1	terms:5	frequency:0	score:1	aggr:[[1.0, 0.0, 0.0, 0.0, 0.0, 0.19705555555555554, 0.1415, 0.1415], [1.0, 0.0, 0.0, 0.0, 0.0, 0.283, 0.283, 0.283], [1.0, 0.0, 0.0, 0.0, 0.0, 0.283, 0.283, 0.283], [1.0, 0.0, 0.0, 0.0, 0.0, 0.283, 0.283, 0.283], [1.0, 0.0, 0.0, 0.0, 0.0, 0.19705555555555554, 0.1415, 0.1415], [1.0, 0.0, 0.0, 0.0, 0.0, 0.283, 0.283, 0.283], [1.0, 0.0, 0.0, 0.0, 0.0, 0.283, 0.283, 0.283], [1.0, 0.0, 0.0, 0.0, 0.0, 0.283, 0.283, 0.283]]	
('1539872', '9162706', '5723792', '20609748,2106456')	rank:3	pos:1	terms:5	frequency:0	score:1	aggr:[[1.0, 0.0, 0.0, 0.0, 0.0, 0.26649999999999996, 0.1415, 0.1415], [1.0, 0.0, 0.0, 0.0, 0.0, 0.283, 0.283, 0.283], [1.0, 0.0, 0.0, 0.0, 0.0, 0.283, 0.283, 0.283], [1.0, 0.0, 0.0, 0.0, 0.0, 0.283, 0.283, 0.283], [1.0, 0.0, 0.0, 0.0, 0.0, 0.26649999999999996, 0.1415, 0.1415], [1.0, 0.0, 0.0, 0.0, 0.0, 0.283, 0.283, 0.283], [1.0, 0.0, 0.0, 0.0, 0.0, 0.283, 0.283, 0.283], [1.0, 0.0, 0.0, 0.0, 0.0, 0.283, 0.283, 0.283]]	
('1539872', '9162706', '5723792', '55367612,4436654')	rank:4	pos:1	terms:5	frequency:0	score:1	aggr:[[1.0, 0.0, 0.0, 0.0, 0.0, 0.283, 0.283, 0.283], [1.0, 0.0, 0.0, 0.0, 0.0, 0.283, 0.283, 0.283], [1.0, 0.0, 0.0, 0.0, 0.0, 0.283, 0.283, 0.283], [1.0, 0.0, 0.0, 0.0, 0.0, 0.283, 0.283, 0.283], [1.0, 0.0, 0.0, 0.0, 0.0, 0.283, 0.283, 0.283], [1.0, 0.0, 0.0, 0.0, 0.0, 0.283, 0.283, 0.283], [1.0, 0.0, 0.0, 0.0, 0.0, 0.283, 0.283, 0.283], [1.0, 0.0, 0.0, 0.0, 0.0, 0.283, 0.283, 0.283]]	
('1539872', '9162706', '5723792', '17373227,1823971')	rank:5	pos:1	terms:5	frequency:0	score:1	aggr:[[1.0, 0.0, 0.0, 0.0, 0.0, 0.283, 0.283, 0.283], [1.0, 0.0, 0.0, 0.0, 0.0, 0.283, 0.283, 0.283], [1.0, 0.0, 0.0, 0.0, 0.0, 0.283, 0.283, 0.283], [1.0, 0.0, 0.0, 0.0, 0.0, 0.283, 0.283, 0.283], [1.0, 0.0, 0.0, 0.0, 0.0, 0.283, 0.283, 0.283], [1.0, 0.0, 0.0, 0.0, 0.0, 0.283, 0.283, 0.283], [1.0, 0.0, 0.0, 0.0, 0.0, 0.283, 0.283, 0.283], [1.0, 0.0, 0.0, 0.0, 0.0, 0.283, 0.283, 0.283]]	
('1539872', '9162706', '5723792', '39314166,3562125')	rank:6	pos:1	terms:5	frequency:0	score:1	aggr:[[0.8461538461538461, 0.07692307692307693, 0.0, 0.0, 0.07692307692307693, 0.224974358974359, 0.037153846153846155, 0.037153846153846155], [1.0, 0.0, 0.0, 0.0, 0.0, 0.283, 0.283, 0.283], [1.0, 0.0, 0.0, 0.0, 0.0, 0.283, 0.283, 0.283], [1.0, 0.0, 0.0, 0.0, 0.0, 0.283, 0.283, 0.283], [0.8461538461538461, 0.07692307692307693, 0.0, 0.0, 0.07692307692307693, 0.224974358974359, 0.037153846153846155, 0.037153846153846155], [1.0, 0.0, 0.0, 0.0, 0.0, 0.283, 0.283, 0.283], [1.0, 0.0, 0.0, 0.0, 0.0, 0.283, 0.283, 0.283], [1.0, 0.0, 0.0, 0.0, 0.0, 0.283, 0.283, 0.283]]	
('1539872', '9162706', '5723792', '8508867,1013242')	rank:7	pos:1	terms:5	frequency:0	score:1	aggr:[[0.5, 0.5, 0.0, 0.0, 0.0, 0.1415, 0.39149999999999996, 0.1415], [1.0, 0.0, 0.0, 0.0, 0.0, 0.283, 0.283, 0.283], [1.0, 0.0, 0.0, 0.0, 0.0, 0.283, 0.283, 0.283], [1.0, 0.0, 0.0, 0.0, 0.0, 0.283, 0.283, 0.283], [0.5, 0.5, 0.0, 0.0, 0.0, 0.1415, 0.39149999999999996, 0.1415], [1.0, 0.0, 0.0, 0.0, 0.0, 0.283, 0.283, 0.283], [1.0, 0.0, 0.0, 0.0, 0.0, 0.283, 0.283, 0.283], [1.0, 0.0, 0.0, 0.0, 0.0, 0.283, 0.283, 0.283]]	
('1539872', '9162706', '5723792', '37568512,3466840')	rank:8	pos:1	terms:5	frequency:0	score:1	aggr:[[1.0, 0.0, 0.0, 0.0, 0.0, 0.26649999999999996, 0.1415, 0.1415], [1.0, 0.0, 0.0, 0.0, 0.0, 0.283, 0.283, 0.283], [1.0, 0.0, 0.0, 0.0, 0.0, 0.283, 0.283, 0.283], [1.0, 0.0, 0.0, 0.0, 0.0, 0.283, 0.283, 0.283], [1.0, 0.0, 0.0, 0.0, 0.0, 0.26649999999999996, 0.1415, 0.1415], [1.0, 0.0, 0.0, 0.0, 0.0, 0.283, 0.283, 0.283], [1.0, 0.0, 0.0, 0.0, 0.0, 0.283, 0.283, 0.283], [1.0, 0.0, 0.0, 0.0, 0.0, 0.283, 0.283, 0.283]]	
('1539872', '9162706', '5723792', '15816141,1636952')	rank:9	pos:1	terms:5	frequency:0	score:1	aggr:[[1.0, 0.0, 0.0, 0.0, 0.0, 0.283, 0.283, 0.283], [1.0, 0.0, 0.0, 0.0, 0.0, 0.283, 0.283, 0.283], [1.0, 0.0, 0.0, 0.0, 0.0, 0.283, 0.283, 0.283], [1.0, 0.0, 0.0, 0.0, 0.0, 0.283, 0.283, 0.283], [1.0, 0.0, 0.0, 0.0, 0.0, 0.283, 0.283, 0.283], [1.0, 0.0, 0.0, 0.0, 0.0, 0.283, 0.283, 0.283], [1.0, 0.0, 0.0, 0.0, 0.0, 0.283, 0.283, 0.283], [1.0, 0.0, 0.0, 0.0, 0.0, 0.283, 0.283, 0.283]]	
('1539872', '9162706', '5723792', '68339518,5121197')	rank:10	pos:1	terms:5	frequency:0	score:1	aggr:[[1.0, 0.0, 0.0, 0.0, 0.0, 0.283, 0.283, 0.283], [1.0, 0.0, 0.0, 0.0, 0.0, 0.283, 0.283, 0.283], [1.0, 0.0, 0.0, 0.0, 0.0, 0.283, 0.283, 0.283], [1.0, 0.0, 0.0, 0.0, 0.0, 0.283, 0.283, 0.283], [1.0, 0.0, 0.0, 0.0, 0.0, 0.283, 0.283, 0.283], [1.0, 0.0, 0.0, 0.0, 0.0, 0.283, 0.283, 0.283], [1.0, 0.0, 0.0, 0.0, 0.0, 0.283, 0.283, 0.283], [1.0, 0.0, 0.0, 0.0, 0.0, 0.283, 0.283, 0.283]]	
('1539872', '9162708', '18708486', '60747582,4701189')	rank:1	pos:1	terms:5	frequency:0	score:1	aggr:[[1.0, 0.0, 0.0, 0.0, 0.0, 0.283, 0.283, 0.283], [1.0, 0.0, 0.0, 0.0, 0.0, 0.283, 0.283, 0.283], [1.0, 0.0, 0.0, 0.0, 0.0, 0.283, 0.283, 0.283], [1.0, 0.0, 0.0, 0.0, 0.0, 0.283, 0.283, 0.283], [1.0, 0.0, 0.0, 0.0, 0.0, 0.283, 0.283, 0.283], [1.0, 0.0, 0.0, 0.0, 0.0, 0.283, 0.283, 0.283], [1.0, 0.0, 0.0, 0.0, 0.0, 0.283, 0.283, 0.283], [1.0, 0.0, 0.0, 0.0, 0.0, 0.283, 0.283, 0.283]]	
('1539872', '9162708', '18708486', '25364125,2530573')	rank:2	pos:1	terms:5	frequency:0	score:1	aggr:[[1.0, 0.0, 0.0, 0.0, 0.0, 0.283, 0.283, 0.283], [1.0, 0.0, 0.0, 0.0, 0.0, 0.283, 0.283, 0.283], [1.0, 0.0, 0.0, 0.0, 0.0, 0.283, 0.283, 0.283], [1.0, 0.0, 0.0, 0.0, 0.0, 0.283, 0.283, 0.283], [1.0, 0.0, 0.0, 0.0, 0.0, 0.283, 0.283, 0.283], [1.0, 0.0, 0.0, 0.0, 0.0, 0.283, 0.283, 0.283], [1.0, 0.0, 0.0, 0.0, 0.0, 0.283, 0.283, 0.283], [1.0, 0.0, 0.0, 0.0, 0.0, 0.283, 0.283, 0.283]]	
('1539872', '9162708', '18708486', '17318099,1817868')	rank:3	pos:1	terms:5	frequency:0	score:1	aggr:[[1.0, 0.0, 0.0, 0.0, 0.0, 0.283, 0.283, 0.283], [1.0, 0.0, 0.0, 0.0, 0.0, 0.283, 0.283, 0.283], [1.0, 0.0, 0.0, 0.0, 0.0, 0.283, 0.283, 0.283], [1.0, 0.0, 0.0, 0.0, 0.0, 0.283, 0.283, 0.283], [1.0, 0.0, 0.0, 0.0, 0.0, 0.283, 0.283, 0.283], [1.0, 0.0, 0.0, 0.0, 0.0, 0.283, 0.283, 0.283], [1.0, 0.0, 0.0, 0.0, 0.0, 0.283, 0.283, 0.283], [1.0, 0.0, 0.0, 0.0, 0.0, 0.283, 0.283, 0.283]]	
('1539872', '9162708', '18708486', '5759845,753264')	rank:4	pos:1	terms:5	frequency:0	score:1	aggr:[[1.0, 0.0, 0.0, 0.0, 0.0, 0.283, 0.283, 0.283], [1.0, 0.0, 0.0, 0.0, 0.0, 0.283, 0.283, 0.283], [1.0, 0.0, 0.0, 0.0, 0.0, 0.283, 0.283, 0.283], [1.0, 0.0, 0.0, 0.0, 0.0, 0.283, 0.283, 0.283], [1.0, 0.0, 0.0, 0.0, 0.0, 0.283, 0.283, 0.283], [1.0, 0.0, 0.0, 0.0, 0.0, 0.283, 0.283, 0.283], [1.0, 0.0, 0.0, 0.0, 0.0, 0.283, 0.283, 0.283], [1.0, 0.0, 0.0, 0.0, 0.0, 0.283, 0.283, 0.283]]	
('1539872', '9162708', '18708486', '64999624,4933180')	rank:5	pos:1	terms:5	frequency:0	score:1	aggr:[[1.0, 0.0, 0.0, 0.0, 0.0, 0.283, 0.283, 0.283], [1.0, 0.0, 0.0, 0.0, 0.0, 0.283, 0.283, 0.283], [1.0, 0.0, 0.0, 0.0, 0.0, 0.283, 0.283, 0.283], [1.0, 0.0, 0.0, 0.0, 0.0, 0.283, 0.283, 0.283], [1.0, 0.0, 0.0, 0.0, 0.0, 0.283, 0.283, 0.283], [1.0, 0.0, 0.0, 0.0, 0.0, 0.283, 0.283, 0.283], [1.0, 0.0, 0.0, 0.0, 0.0, 0.283, 0.283, 0.283], [1.0, 0.0, 0.0, 0.0, 0.0, 0.283, 0.283, 0.283]]	
('1539872', '9162708', '18708486', '17544533,1852610')	rank:6	pos:1	terms:5	frequency:0	score:1	aggr:[[1.0, 0.0, 0.0, 0.0, 0.0, 0.283, 0.283, 0.283], [1.0, 0.0, 0.0, 0.0, 0.0, 0.283, 0.283, 0.283], [1.0, 0.0, 0.0, 0.0, 0.0, 0.283, 0.283, 0.283], [1.0, 0.0, 0.0, 0.0, 0.0, 0.283, 0.283, 0.283], [1.0, 0.0, 0.0, 0.0, 0.0, 0.283, 0.283, 0.283], [1.0, 0.0, 0.0, 0.0, 0.0, 0.283, 0.283, 0.283], [1.0, 0.0, 0.0, 0.0, 0.0, 0.283, 0.283, 0.283], [1.0, 0.0, 0.0, 0.0, 0.0, 0.283, 0.283, 0.283]]	
('1539872', '9162708', '18708486', '7461240,920409')	rank:7	pos:1	terms:5	frequency:0	score:1	aggr:[[1.0, 0.0, 0.0, 0.0, 0.0, 0.283, 0.283, 0.283], [1.0, 0.0, 0.0, 0.0, 0.0, 0.283, 0.283, 0.283], [1.0, 0.0, 0.0, 0.0, 0.0, 0.283, 0.283, 0.283], [1.0, 0.0, 0.0, 0.0, 0.0, 0.283, 0.283, 0.283], [1.0, 0.0, 0.0, 0.0, 0.0, 0.283, 0.283, 0.283], [1.0, 0.0, 0.0, 0.0, 0.0, 0.283, 0.283, 0.283], [1.0, 0.0, 0.0, 0.0, 0.0, 0.283, 0.283, 0.283], [1.0, 0.0, 0.0, 0.0, 0.0, 0.283, 0.283, 0.283]]	
('1539872', '9162708', '18708486', '7474803,922066')	rank:8	pos:1	terms:5	frequency:0	score:1	aggr:[[1.0, 0.0, 0.0, 0.0, 0.0, 0.283, 0.283, 0.283], [1.0, 0.0, 0.0, 0.0, 0.0, 0.283, 0.283, 0.283], [1.0, 0.0, 0.0, 0.0, 0.0, 0.283, 0.283, 0.283], [1.0, 0.0, 0.0, 0.0, 0.0, 0.283, 0.283, 0.283], [1.0, 0.0, 0.0, 0.0, 0.0, 0.283, 0.283, 0.283], [1.0, 0.0, 0.0, 0.0, 0.0, 0.283, 0.283, 0.283], [1.0, 0.0, 0.0, 0.0, 0.0, 0.283, 0.283, 0.283], [1.0, 0.0, 0.0, 0.0, 0.0, 0.283, 0.283, 0.283]]	
('1539872', '9162708', '18708486', '12429303,1247164')	rank:9	pos:1	terms:5	frequency:0	score:1	aggr:[[1.0, 0.0, 0.0, 0.0, 0.0, 0.283, 0.283, 0.283], [1.0, 0.0, 0.0, 0.0, 0.0, 0.283, 0.283, 0.283], [1.0, 0.0, 0.0, 0.0, 0.0, 0.283, 0.283, 0.283], [1.0, 0.0, 0.0, 0.0, 0.0, 0.283, 0.283, 0.283], [1.0, 0.0, 0.0, 0.0, 0.0, 0.283, 0.283, 0.283], [1.0, 0.0, 0.0, 0.0, 0.0, 0.283, 0.283, 0.283], [1.0, 0.0, 0.0, 0.0, 0.0, 0.283, 0.283, 0.283], [1.0, 0.0, 0.0, 0.0, 0.0, 0.283, 0.283, 0.283]]	
('1539872', '9162708', '18708486', '50118721,4197564')	rank:10	pos:1	terms:5	frequency:0	score:1	aggr:[[1.0, 0.0, 0.0, 0.0, 0.0, 0.283, 0.283, 0.283], [1.0, 0.0, 0.0, 0.0, 0.0, 0.283, 0.283, 0.283], [1.0, 0.0, 0.0, 0.0, 0.0, 0.283, 0.283, 0.283], [1.0, 0.0, 0.0, 0.0, 0.0, 0.283, 0.283, 0.283], [1.0, 0.0, 0.0, 0.0, 0.0, 0.283, 0.283, 0.283], [1.0, 0.0, 0.0, 0.0, 0.0, 0.283, 0.283, 0.283], [1.0, 0.0, 0.0, 0.0, 0.0, 0.283, 0.283, 0.283], [1.0, 0.0, 0.0, 0.0, 0.0, 0.283, 0.283, 0.283]]	
('1539872', '9162708', '16173906', '25689023,2564096')	rank:1	pos:2	terms:3	frequency:0	score:1	aggr:[[1.0, 0.0, 0.0, 0.0, 0.0, 0.283, 0.283, 0.283], [1.0, 0.0, 0.0, 0.0, 0.0, 0.283, 0.283, 0.283], [1.0, 0.0, 0.0, 0.0, 0.0, 0.283, 0.283, 0.283], [1.0, 0.0, 0.0, 0.0, 0.0, 0.283, 0.283, 0.283], [1.0, 0.0, 0.0, 0.0, 0.0, 0.283, 0.283, 0.283], [1.0, 0.0, 0.0, 0.0, 0.0, 0.283, 0.283, 0.283], [1.0, 0.0, 0.0, 0.0, 0.0, 0.283, 0.283, 0.283], [1.0, 0.0, 0.0, 0.0, 0.0, 0.283, 0.283, 0.283]]	
('1539872', '9162708', '16173906', '59428940,4636949')	rank:2	pos:2	terms:3	frequency:0	score:1	aggr:[[1.0, 0.0, 0.0, 0.0, 0.0, 0.283, 0.283, 0.283], [1.0, 0.0, 0.0, 0.0, 0.0, 0.283, 0.283, 0.283], [1.0, 0.0, 0.0, 0.0, 0.0, 0.283, 0.283, 0.283], [1.0, 0.0, 0.0, 0.0, 0.0, 0.283, 0.283, 0.283], [1.0, 0.0, 0.0, 0.0, 0.0, 0.283, 0.283, 0.283], [1.0, 0.0, 0.0, 0.0, 0.0, 0.283, 0.283, 0.283], [1.0, 0.0, 0.0, 0.0, 0.0, 0.283, 0.283, 0.283], [1.0, 0.0, 0.0, 0.0, 0.0, 0.283, 0.283, 0.283]]	
('1539872', '9162708', '16173906', '24843234,2483885')	rank:3	pos:2	terms:3	frequency:0	score:1	aggr:[[1.0, 0.0, 0.0, 0.0, 0.0, 0.283, 0.283, 0.283], [1.0, 0.0, 0.0, 0.0, 0.0, 0.283, 0.283, 0.283], [1.0, 0.0, 0.0, 0.0, 0.0, 0.283, 0.283, 0.283], [1.0, 0.0, 0.0, 0.0, 0.0, 0.283, 0.283, 0.283], [1.0, 0.0, 0.0, 0.0, 0.0, 0.283, 0.283, 0.283], [1.0, 0.0, 0.0, 0.0, 0.0, 0.283, 0.283, 0.283], [1.0, 0.0, 0.0, 0.0, 0.0, 0.283, 0.283, 0.283], [1.0, 0.0, 0.0, 0.0, 0.0, 0.283, 0.283, 0.283]]	
('1539872', '9162708', '16173906', '55433033,4440104')	rank:4	pos:2	terms:3	frequency:0	score:1	aggr:[[1.0, 0.0, 0.0, 0.0, 0.0, 0.283, 0.283, 0.283], [1.0, 0.0, 0.0, 0.0, 0.0, 0.283, 0.283, 0.283], [1.0, 0.0, 0.0, 0.0, 0.0, 0.283, 0.283, 0.283], [1.0, 0.0, 0.0, 0.0, 0.0, 0.283, 0.283, 0.283], [1.0, 0.0, 0.0, 0.0, 0.0, 0.283, 0.283, 0.283], [1.0, 0.0, 0.0, 0.0, 0.0, 0.283, 0.283, 0.283], [1.0, 0.0, 0.0, 0.0, 0.0, 0.283, 0.283, 0.283], [1.0, 0.0, 0.0, 0.0, 0.0, 0.283, 0.283, 0.283]]	
('1539872', '9162708', '16173906', '60790742,4703480')	rank:5	pos:2	terms:3	frequency:0	score:1	aggr:[[1.0, 0.0, 0.0, 0.0, 0.0, 0.283, 0.283, 0.283], [1.0, 0.0, 0.0, 0.0, 0.0, 0.283, 0.283, 0.283], [1.0, 0.0, 0.0, 0.0, 0.0, 0.283, 0.283, 0.283], [1.0, 0.0, 0.0, 0.0, 0.0, 0.283, 0.283, 0.283], [1.0, 0.0, 0.0, 0.0, 0.0, 0.283, 0.283, 0.283], [1.0, 0.0, 0.0, 0.0, 0.0, 0.283, 0.283, 0.283], [1.0, 0.0, 0.0, 0.0, 0.0, 0.283, 0.283, 0.283], [1.0, 0.0, 0.0, 0.0, 0.0, 0.283, 0.283, 0.283]]	
('1539872', '9162708', '16173906', '70531036,5213314')	rank:6	pos:2	terms:3	frequency:0	score:1	aggr:[[1.0, 0.0, 0.0, 0.0, 0.0, 0.283, 0.283, 0.283], [1.0, 0.0, 0.0, 0.0, 0.0, 0.283, 0.283, 0.283], [1.0, 0.0, 0.0, 0.0, 0.0, 0.283, 0.283, 0.283], [1.0, 0.0, 0.0, 0.0, 0.0, 0.283, 0.283, 0.283], [1.0, 0.0, 0.0, 0.0, 0.0, 0.283, 0.283, 0.283], [1.0, 0.0, 0.0, 0.0, 0.0, 0.283, 0.283, 0.283], [1.0, 0.0, 0.0, 0.0, 0.0, 0.283, 0.283, 0.283], [1.0, 0.0, 0.0, 0.0, 0.0, 0.283, 0.283, 0.283]]	
('1539872', '9162708', '16173906', '25689536,2564250')	rank:7	pos:2	terms:3	frequency:0	score:1	aggr:[[1.0, 0.0, 0.0, 0.0, 0.0, 0.283, 0.283, 0.283], [1.0, 0.0, 0.0, 0.0, 0.0, 0.283, 0.283, 0.283], [1.0, 0.0, 0.0, 0.0, 0.0, 0.283, 0.283, 0.283], [1.0, 0.0, 0.0, 0.0, 0.0, 0.283, 0.283, 0.283], [1.0, 0.0, 0.0, 0.0, 0.0, 0.283, 0.283, 0.283], [1.0, 0.0, 0.0, 0.0, 0.0, 0.283, 0.283, 0.283], [1.0, 0.0, 0.0, 0.0, 0.0, 0.283, 0.283, 0.283], [1.0, 0.0, 0.0, 0.0, 0.0, 0.283, 0.283, 0.283]]	
('1539872', '9162708', '16173906', '54413822,4398288')	rank:8	pos:2	terms:3	frequency:0	score:1	aggr:[[1.0, 0.0, 0.0, 0.0, 0.0, 0.26649999999999996, 0.1415, 0.1415], [1.0, 0.0, 0.0, 0.0, 0.0, 0.283, 0.283, 0.283], [1.0, 0.0, 0.0, 0.0, 0.0, 0.283, 0.283, 0.283], [1.0, 0.0, 0.0, 0.0, 0.0, 0.283, 0.283, 0.283], [1.0, 0.0, 0.0, 0.0, 0.0, 0.26649999999999996, 0.1415, 0.1415], [1.0, 0.0, 0.0, 0.0, 0.0, 0.283, 0.283, 0.283], [1.0, 0.0, 0.0, 0.0, 0.0, 0.283, 0.283, 0.283], [1.0, 0.0, 0.0, 0.0, 0.0, 0.283, 0.283, 0.283]]	
('1539872', '9162708', '16173906', '43682598,3825756')	rank:9	pos:2	terms:3	frequency:0	score:1	aggr:[[0.8947368421052632, 0.02631578947368421, 0.0, 0.02631578947368421, 0.05263157894736842, 0.15405346700083547, 0.016219298245614033, 0.06007894736842105], [1.0, 0.0, 0.0, 0.0, 0.0, 0.283, 0.283, 0.283], [1.0, 0.0, 0.0, 0.0, 0.0, 0.283, 0.283, 0.283], [1.0, 0.0, 0.0, 0.0, 0.0, 0.283, 0.283, 0.283], [0.8947368421052632, 0.02631578947368421, 0.0, 0.02631578947368421, 0.05263157894736842, 0.15405346700083547, 0.016219298245614033, 0.06007894736842105], [1.0, 0.0, 0.0, 0.0, 0.0, 0.283, 0.283, 0.283], [1.0, 0.0, 0.0, 0.0, 0.0, 0.283, 0.283, 0.283], [1.0, 0.0, 0.0, 0.0, 0.0, 0.283, 0.283, 0.283]]	
('1539872', '9162708', '16173906', '50868401,4227086')	rank:10	pos:2	terms:3	frequency:0	score:1	aggr:[[1.0, 0.0, 0.0, 0.0, 0.0, 0.461, 0.09433333333333332, 0.09433333333333332], [1.0, 0.0, 0.0, 0.0, 0.0, 0.283, 0.283, 0.283], [1.0, 0.0, 0.0, 0.0, 0.0, 0.283, 0.283, 0.283], [1.0, 0.0, 0.0, 0.0, 0.0, 0.283, 0.283, 0.283], [1.0, 0.0, 0.0, 0.0, 0.0, 0.461, 0.09433333333333332, 0.09433333333333332], [1.0, 0.0, 0.0, 0.0, 0.0, 0.283, 0.283, 0.283], [1.0, 0.0, 0.0, 0.0, 0.0, 0.283, 0.283, 0.283], [1.0, 0.0, 0.0, 0.0, 0.0, 0.283, 0.283, 0.283]]	
('1539872', '9162713', '4279452', '65443611,4973610')	rank:1	pos:2	terms:2	frequency:0	score:1	aggr:[[1.0, 0.0, 0.0, 0.0, 0.0, 0.283, 0.283, 0.283], [1.0, 0.0, 0.0, 0.0, 0.0, 0.283, 0.283, 0.283], [1.0, 0.0, 0.0, 0.0, 0.0, 0.283, 0.283, 0.283], [1.0, 0.0, 0.0, 0.0, 0.0, 0.283, 0.283, 0.283], [1.0, 0.0, 0.0, 0.0, 0.0, 0.283, 0.283, 0.283], [1.0, 0.0, 0.0, 0.0, 0.0, 0.283, 0.283, 0.283], [1.0, 0.0, 0.0, 0.0, 0.0, 0.283, 0.283, 0.283], [1.0, 0.0, 0.0, 0.0, 0.0, 0.283, 0.283, 0.283]]	
('1539872', '9162713', '4279452', '47189565,4007570')	rank:2	pos:2	terms:2	frequency:0	score:1	aggr:[[1.0, 0.0, 0.0, 0.0, 0.0, 0.283, 0.283, 0.283], [1.0, 0.0, 0.0, 0.0, 0.0, 0.283, 0.283, 0.283], [1.0, 0.0, 0.0, 0.0, 0.0, 0.283, 0.283, 0.283], [1.0, 0.0, 0.0, 0.0, 0.0, 0.283, 0.283, 0.283], [1.0, 0.0, 0.0, 0.0, 0.0, 0.283, 0.283, 0.283], [1.0, 0.0, 0.0, 0.0, 0.0, 0.283, 0.283, 0.283], [1.0, 0.0, 0.0, 0.0, 0.0, 0.283, 0.283, 0.283], [1.0, 0.0, 0.0, 0.0, 0.0, 0.283, 0.283, 0.283]]	
('1539872', '9162713', '4279452', '34804800,3279130')	rank:3	pos:2	terms:2	frequency:0	score:1	aggr:[[0.7880184331797235, 0.04608294930875576, 0.018433179723502304, 0.013824884792626729, 0.1336405529953917, 0.24073067076292906, 0.026572964669738863, 0.14757910906298], [1.0, 0.0, 0.0, 0.0, 0.0, 0.283, 0.283, 0.283], [1.0, 0.0, 0.0, 0.0, 0.0, 0.283, 0.283, 0.283], [1.0, 0.0, 0.0, 0.0, 0.0, 0.283, 0.283, 0.283], [0.7880184331797235, 0.04608294930875576, 0.018433179723502304, 0.013824884792626729, 0.1336405529953917, 0.24073067076292906, 0.026572964669738863, 0.14757910906298], [1.0, 0.0, 0.0, 0.0, 0.0, 0.283, 0.283, 0.283], [1.0, 0.0, 0.0, 0.0, 0.0, 0.283, 0.283, 0.283], [1.0, 0.0, 0.0, 0.0, 0.0, 0.283, 0.283, 0.283]]	
('1539872', '9162713', '4279452', '41248109,3675348')	rank:4	pos:2	terms:2	frequency:0	score:1	aggr:[[0.9444444444444444, 0.0, 0.0, 0.0, 0.05555555555555555, 0.19678483245149908, 0.01572222222222222, 0.03424074074074074], [1.0, 0.0, 0.0, 0.0, 0.0, 0.283, 0.283, 0.283], [1.0, 0.0, 0.0, 0.0, 0.0, 0.283, 0.283, 0.283], [1.0, 0.0, 0.0, 0.0, 0.0, 0.283, 0.283, 0.283], [0.9444444444444444, 0.0, 0.0, 0.0, 0.05555555555555555, 0.19678483245149908, 0.01572222222222222, 0.03424074074074074], [1.0, 0.0, 0.0, 0.0, 0.0, 0.283, 0.283, 0.283], [1.0, 0.0, 0.0, 0.0, 0.0, 0.283, 0.283, 0.283], [1.0, 0.0, 0.0, 0.0, 0.0, 0.283, 0.283, 0.283]]	
('1539872', '9162713', '4279452', '35415326,3337674')	rank:5	pos:2	terms:2	frequency:0	score:1	aggr:[[1.0, 0.0, 0.0, 0.0, 0.0, 0.283, 0.283, 0.283], [1.0, 0.0, 0.0, 0.0, 0.0, 0.283, 0.283, 0.283], [1.0, 0.0, 0.0, 0.0, 0.0, 0.283, 0.283, 0.283], [1.0, 0.0, 0.0, 0.0, 0.0, 0.283, 0.283, 0.283], [1.0, 0.0, 0.0, 0.0, 0.0, 0.283, 0.283, 0.283], [1.0, 0.0, 0.0, 0.0, 0.0, 0.283, 0.283, 0.283], [1.0, 0.0, 0.0, 0.0, 0.0, 0.283, 0.283, 0.283], [1.0, 0.0, 0.0, 0.0, 0.0, 0.283, 0.283, 0.283]]	
('1539872', '9162713', '4279452', '14079778,1438046')	rank:6	pos:2	terms:2	frequency:0	score:1	aggr:[[0.8, 0.0, 0.0, 0.0, 0.2, 0.1677111111111111, 0.0566, 0.12326666666666666], [1.0, 0.0, 0.0, 0.0, 0.0, 0.283, 0.283, 0.283], [1.0, 0.0, 0.0, 0.0, 0.0, 0.283, 0.283, 0.283], [1.0, 0.0, 0.0, 0.0, 0.0, 0.283, 0.283, 0.283], [0.8, 0.0, 0.0, 0.0, 0.2, 0.1677111111111111, 0.0566, 0.12326666666666666], [1.0, 0.0, 0.0, 0.0, 0.0, 0.283, 0.283, 0.283], [1.0, 0.0, 0.0, 0.0, 0.0, 0.283, 0.283, 0.283], [1.0, 0.0, 0.0, 0.0, 0.0, 0.283, 0.283, 0.283]]	
('1539872', '9162713', '4279452', '29727198,2880517')	rank:7	pos:2	terms:2	frequency:0	score:1	aggr:[[1.0, 0.0, 0.0, 0.0, 0.0, 0.283, 0.283, 0.283], [1.0, 0.0, 0.0, 0.0, 0.0, 0.283, 0.283, 0.283], [1.0, 0.0, 0.0, 0.0, 0.0, 0.283, 0.283, 0.283], [1.0, 0.0, 0.0, 0.0, 0.0, 0.283, 0.283, 0.283], [1.0, 0.0, 0.0, 0.0, 0.0, 0.283, 0.283, 0.283], [1.0, 0.0, 0.0, 0.0, 0.0, 0.283, 0.283, 0.283], [1.0, 0.0, 0.0, 0.0, 0.0, 0.283, 0.283, 0.283], [1.0, 0.0, 0.0, 0.0, 0.0, 0.283, 0.283, 0.283]]	
('1539872', '9162713', '4279452', '25149925,2512418')	rank:8	pos:2	terms:2	frequency:0	score:1	aggr:[[1.0, 0.0, 0.0, 0.0, 0.0, 0.283, 0.283, 0.283], [1.0, 0.0, 0.0, 0.0, 0.0, 0.283, 0.283, 0.283], [1.0, 0.0, 0.0, 0.0, 0.0, 0.283, 0.283, 0.283], [1.0, 0.0, 0.0, 0.0, 0.0, 0.283, 0.283, 0.283], [1.0, 0.0, 0.0, 0.0, 0.0, 0.283, 0.283, 0.283], [1.0, 0.0, 0.0, 0.0, 0.0, 0.283, 0.283, 0.283], [1.0, 0.0, 0.0, 0.0, 0.0, 0.283, 0.283, 0.283], [1.0, 0.0, 0.0, 0.0, 0.0, 0.283, 0.283, 0.283]]	
('1539872', '9162713', '4279452', '28369490,2796547')	rank:9	pos:2	terms:2	frequency:0	score:1	aggr:[[1.0, 0.0, 0.0, 0.0, 0.0, 0.283, 0.283, 0.283], [1.0, 0.0, 0.0, 0.0, 0.0, 0.283, 0.283, 0.283], [1.0, 0.0, 0.0, 0.0, 0.0, 0.283, 0.283, 0.283], [1.0, 0.0, 0.0, 0.0, 0.0, 0.283, 0.283, 0.283], [1.0, 0.0, 0.0, 0.0, 0.0, 0.283, 0.283, 0.283], [1.0, 0.0, 0.0, 0.0, 0.0, 0.283, 0.283, 0.283], [1.0, 0.0, 0.0, 0.0, 0.0, 0.283, 0.283, 0.283], [1.0, 0.0, 0.0, 0.0, 0.0, 0.283, 0.283, 0.283]]	
('1539872', '9162713', '4279452', '66080553,5002129')	rank:10	pos:2	terms:2	frequency:0	score:1	aggr:[[1.0, 0.0, 0.0, 0.0, 0.0, 0.283, 0.283, 0.283], [1.0, 0.0, 0.0, 0.0, 0.0, 0.283, 0.283, 0.283], [1.0, 0.0, 0.0, 0.0, 0.0, 0.283, 0.283, 0.283], [1.0, 0.0, 0.0, 0.0, 0.0, 0.283, 0.283, 0.283], [1.0, 0.0, 0.0, 0.0, 0.0, 0.283, 0.283, 0.283], [1.0, 0.0, 0.0, 0.0, 0.0, 0.283, 0.283, 0.283], [1.0, 0.0, 0.0, 0.0, 0.0, 0.283, 0.283, 0.283], [1.0, 0.0, 0.0, 0.0, 0.0, 0.283, 0.283, 0.283]]	
('1539872', '9162722', '14674134', '23912715,2389629')	rank:1	pos:1	terms:2	frequency:0	score:5	aggr:[[1.0, 0.0, 0.0, 0.0, 0.0, 0.283, 0.283, 0.283], [1.0, 0.0, 0.0, 0.0, 0.0, 0.283, 0.283, 0.283], [1.0, 0.0, 0.0, 0.0, 0.0, 0.283, 0.283, 0.283], [1.0, 0.0, 0.0, 0.0, 0.0, 0.283, 0.283, 0.283], [1.0, 0.0, 0.0, 0.0, 0.0, 0.283, 0.283, 0.283], [1.0, 0.0, 0.0, 0.0, 0.0, 0.283, 0.283, 0.283], [1.0, 0.0, 0.0, 0.0, 0.0, 0.283, 0.283, 0.283], [1.0, 0.0, 0.0, 0.0, 0.0, 0.283, 0.283, 0.283]]	
('1539872', '9162722', '14674134', '23912707,2389623')	rank:2	pos:1	terms:2	frequency:0	score:1	aggr:[[1.0, 0.0, 0.0, 0.0, 0.0, 0.283, 0.283, 0.283], [1.0, 0.0, 0.0, 0.0, 0.0, 0.283, 0.283, 0.283], [1.0, 0.0, 0.0, 0.0, 0.0, 0.283, 0.283, 0.283], [1.0, 0.0, 0.0, 0.0, 0.0, 0.283, 0.283, 0.283], [1.0, 0.0, 0.0, 0.0, 0.0, 0.283, 0.283, 0.283], [1.0, 0.0, 0.0, 0.0, 0.0, 0.283, 0.283, 0.283], [1.0, 0.0, 0.0, 0.0, 0.0, 0.283, 0.283, 0.283], [1.0, 0.0, 0.0, 0.0, 0.0, 0.283, 0.283, 0.283]]	
('1539872', '9162722', '14674134', '34310255,3279130')	rank:3	pos:1	terms:2	frequency:0	score:1	aggr:[[0.7880184331797235, 0.04608294930875576, 0.018433179723502304, 0.013824884792626729, 0.1336405529953917, 0.24073067076292906, 0.026572964669738863, 0.14757910906298], [1.0, 0.0, 0.0, 0.0, 0.0, 0.283, 0.283, 0.283], [1.0, 0.0, 0.0, 0.0, 0.0, 0.283, 0.283, 0.283], [1.0, 0.0, 0.0, 0.0, 0.0, 0.283, 0.283, 0.283], [0.7880184331797235, 0.04608294930875576, 0.018433179723502304, 0.013824884792626729, 0.1336405529953917, 0.24073067076292906, 0.026572964669738863, 0.14757910906298], [1.0, 0.0, 0.0, 0.0, 0.0, 0.283, 0.283, 0.283], [1.0, 0.0, 0.0, 0.0, 0.0, 0.283, 0.283, 0.283], [1.0, 0.0, 0.0, 0.0, 0.0, 0.283, 0.283, 0.283]]	
('1539872', '9162722', '14674134', '69799728,5157505')	rank:4	pos:1	terms:2	frequency:0	score:1	aggr:[[1.0, 0.0, 0.0, 0.0, 0.0, 0.283, 0.283, 0.283], [1.0, 0.0, 0.0, 0.0, 0.0, 0.283, 0.283, 0.283], [1.0, 0.0, 0.0, 0.0, 0.0, 0.283, 0.283, 0.283], [1.0, 0.0, 0.0, 0.0, 0.0, 0.283, 0.283, 0.283], [1.0, 0.0, 0.0, 0.0, 0.0, 0.283, 0.283, 0.283], [1.0, 0.0, 0.0, 0.0, 0.0, 0.283, 0.283, 0.283], [1.0, 0.0, 0.0, 0.0, 0.0, 0.283, 0.283, 0.283], [1.0, 0.0, 0.0, 0.0, 0.0, 0.283, 0.283, 0.283]]	
('1539872', '9162722', '14674134', '36198676,3397026')	rank:5	pos:1	terms:2	frequency:0	score:1	aggr:[[1.0, 0.0, 0.0, 0.0, 0.0, 0.283, 0.283, 0.283], [1.0, 0.0, 0.0, 0.0, 0.0, 0.283, 0.283, 0.283], [1.0, 0.0, 0.0, 0.0, 0.0, 0.283, 0.283, 0.283], [1.0, 0.0, 0.0, 0.0, 0.0, 0.283, 0.283, 0.283], [1.0, 0.0, 0.0, 0.0, 0.0, 0.283, 0.283, 0.283], [1.0, 0.0, 0.0, 0.0, 0.0, 0.283, 0.283, 0.283], [1.0, 0.0, 0.0, 0.0, 0.0, 0.283, 0.283, 0.283], [1.0, 0.0, 0.0, 0.0, 0.0, 0.283, 0.283, 0.283]]	
('1539872', '9162722', '14674134', '70146073,5166968')	rank:6	pos:1	terms:2	frequency:0	score:1	aggr:[[1.0, 0.0, 0.0, 0.0, 0.0, 0.17528571428571427, 0.09433333333333332, 0.09433333333333332], [1.0, 0.0, 0.0, 0.0, 0.0, 0.283, 0.283, 0.283], [1.0, 0.0, 0.0, 0.0, 0.0, 0.283, 0.283, 0.283], [1.0, 0.0, 0.0, 0.0, 0.0, 0.283, 0.283, 0.283], [1.0, 0.0, 0.0, 0.0, 0.0, 0.17528571428571427, 0.09433333333333332, 0.09433333333333332], [1.0, 0.0, 0.0, 0.0, 0.0, 0.283, 0.283, 0.283], [1.0, 0.0, 0.0, 0.0, 0.0, 0.283, 0.283, 0.283], [1.0, 0.0, 0.0, 0.0, 0.0, 0.283, 0.283, 0.283]]	
('1539872', '9162722', '14674134', '65742783,4979595')	rank:7	pos:1	terms:2	frequency:0	score:1	aggr:[[1.0, 0.0, 0.0, 0.0, 0.0, 0.283, 0.283, 0.283], [1.0, 0.0, 0.0, 0.0, 0.0, 0.283, 0.283, 0.283], [1.0, 0.0, 0.0, 0.0, 0.0, 0.283, 0.283, 0.283], [1.0, 0.0, 0.0, 0.0, 0.0, 0.283, 0.283, 0.283], [1.0, 0.0, 0.0, 0.0, 0.0, 0.283, 0.283, 0.283], [1.0, 0.0, 0.0, 0.0, 0.0, 0.283, 0.283, 0.283], [1.0, 0.0, 0.0, 0.0, 0.0, 0.283, 0.283, 0.283], [1.0, 0.0, 0.0, 0.0, 0.0, 0.283, 0.283, 0.283]]	
('1539872', '9162722', '14674134', '3275019,443265')	rank:8	pos:1	terms:2	frequency:0	score:1	aggr:[[0.98, 0.02, 0.0, 0.0, 0.0, 0.22350126984126978, 0.02566, 0.005659999999999999], [1.0, 0.0, 0.0, 0.0, 0.0, 0.283, 0.283, 0.283], [1.0, 0.0, 0.0, 0.0, 0.0, 0.283, 0.283, 0.283], [1.0, 0.0, 0.0, 0.0, 0.0, 0.283, 0.283, 0.283], [0.98, 0.02, 0.0, 0.0, 0.0, 0.22350126984126978, 0.02566, 0.005659999999999999], [1.0, 0.0, 0.0, 0.0, 0.0, 0.283, 0.283, 0.283], [1.0, 0.0, 0.0, 0.0, 0.0, 0.283, 0.283, 0.283], [1.0, 0.0, 0.0, 0.0, 0.0, 0.283, 0.283, 0.283]]	
('1539872', '9162722', '14674134', '58051396,4571627')	rank:9	pos:1	terms:2	frequency:0	score:1	aggr:[[0.8620689655172413, 0.034482758620689655, 0.034482758620689655, 0.0, 0.06896551724137931, 0.1299009304871374, 0.02125287356321839, 0.07297701149425287], [1.0, 0.0, 0.0, 0.0, 0.0, 0.283, 0.283, 0.283], [1.0, 0.0, 0.0, 0.0, 0.0, 0.283, 0.283, 0.283], [1.0, 0.0, 0.0, 0.0, 0.0, 0.283, 0.283, 0.283], [0.8620689655172413, 0.034482758620689655, 0.034482758620689655, 0.0, 0.06896551724137931, 0.1299009304871374, 0.02125287356321839, 0.07297701149425287], [1.0, 0.0, 0.0, 0.0, 0.0, 0.283, 0.283, 0.283], [1.0, 0.0, 0.0, 0.0, 0.0, 0.283, 0.283, 0.283], [1.0, 0.0, 0.0, 0.0, 0.0, 0.283, 0.283, 0.283]]	
('1539872', '9162722', '14674134', '15489652,1600967')	rank:10	pos:1	terms:2	frequency:0	score:1	aggr:[[1.0, 0.0, 0.0, 0.0, 0.0, 0.283, 0.283, 0.283], [1.0, 0.0, 0.0, 0.0, 0.0, 0.283, 0.283, 0.283], [1.0, 0.0, 0.0, 0.0, 0.0, 0.283, 0.283, 0.283], [1.0, 0.0, 0.0, 0.0, 0.0, 0.283, 0.283, 0.283], [1.0, 0.0, 0.0, 0.0, 0.0, 0.283, 0.283, 0.283], [1.0, 0.0, 0.0, 0.0, 0.0, 0.283, 0.283, 0.283], [1.0, 0.0, 0.0, 0.0, 0.0, 0.283, 0.283, 0.283], [1.0, 0.0, 0.0, 0.0, 0.0, 0.283, 0.283, 0.283]]	
('1539872', '9162724', '7794543', '66788281,5036231')	rank:1	pos:1	terms:4	frequency:0	score:5	aggr:[[1.0, 0.0, 0.0, 0.0, 0.0, 0.283, 0.283, 0.283], [1.0, 0.0, 0.0, 0.0, 0.0, 0.283, 0.283, 0.283], [1.0, 0.0, 0.0, 0.0, 0.0, 0.283, 0.283, 0.283], [1.0, 0.0, 0.0, 0.0, 0.0, 0.283, 0.283, 0.283], [1.0, 0.0, 0.0, 0.0, 0.0, 0.283, 0.283, 0.283], [1.0, 0.0, 0.0, 0.0, 0.0, 0.283, 0.283, 0.283], [1.0, 0.0, 0.0, 0.0, 0.0, 0.283, 0.283, 0.283], [1.0, 0.0, 0.0, 0.0, 0.0, 0.283, 0.283, 0.283]]	
('1539872', '9162724', '7794543', '21716297,2230802')	rank:2	pos:1	terms:4	frequency:0	score:1	aggr:[[1.0, 0.0, 0.0, 0.0, 0.0, 0.283, 0.283, 0.283], [1.0, 0.0, 0.0, 0.0, 0.0, 0.283, 0.283, 0.283], [1.0, 0.0, 0.0, 0.0, 0.0, 0.283, 0.283, 0.283], [1.0, 0.0, 0.0, 0.0, 0.0, 0.283, 0.283, 0.283], [1.0, 0.0, 0.0, 0.0, 0.0, 0.283, 0.283, 0.283], [1.0, 0.0, 0.0, 0.0, 0.0, 0.283, 0.283, 0.283], [1.0, 0.0, 0.0, 0.0, 0.0, 0.283, 0.283, 0.283], [1.0, 0.0, 0.0, 0.0, 0.0, 0.283, 0.283, 0.283]]	
('1539872', '9162724', '7794543', '13539195,1385243')	rank:3	pos:1	terms:4	frequency:0	score:1	aggr:[[1.0, 0.0, 0.0, 0.0, 0.0, 0.19705555555555554, 0.1415, 0.1415], [1.0, 0.0, 0.0, 0.0, 0.0, 0.283, 0.283, 0.283], [1.0, 0.0, 0.0, 0.0, 0.0, 0.283, 0.283, 0.283], [1.0, 0.0, 0.0, 0.0, 0.0, 0.283, 0.283, 0.283], [1.0, 0.0, 0.0, 0.0, 0.0, 0.19705555555555554, 0.1415, 0.1415], [1.0, 0.0, 0.0, 0.0, 0.0, 0.283, 0.283, 0.283], [1.0, 0.0, 0.0, 0.0, 0.0, 0.283, 0.283, 0.283], [1.0, 0.0, 0.0, 0.0, 0.0, 0.283, 0.283, 0.283]]	
('1539872', '9162724', '7794543', '24552307,2449975')	rank:4	pos:1	terms:4	frequency:0	score:1	aggr:[[1.0, 0.0, 0.0, 0.0, 0.0, 0.283, 0.283, 0.283], [1.0, 0.0, 0.0, 0.0, 0.0, 0.283, 0.283, 0.283], [1.0, 0.0, 0.0, 0.0, 0.0, 0.283, 0.283, 0.283], [1.0, 0.0, 0.0, 0.0, 0.0, 0.283, 0.283, 0.283], [1.0, 0.0, 0.0, 0.0, 0.0, 0.283, 0.283, 0.283], [1.0, 0.0, 0.0, 0.0, 0.0, 0.283, 0.283, 0.283], [1.0, 0.0, 0.0, 0.0, 0.0, 0.283, 0.283, 0.283], [1.0, 0.0, 0.0, 0.0, 0.0, 0.283, 0.283, 0.283]]	
('1539872', '9162724', '7794543', '14456873,1478957')	rank:5	pos:1	terms:4	frequency:0	score:1	aggr:[[1.0, 0.0, 0.0, 0.0, 0.0, 0.18533333333333332, 0.07075, 0.07075], [1.0, 0.0, 0.0, 0.0, 0.0, 0.283, 0.283, 0.283], [1.0, 0.0, 0.0, 0.0, 0.0, 0.283, 0.283, 0.283], [1.0, 0.0, 0.0, 0.0, 0.0, 0.283, 0.283, 0.283], [1.0, 0.0, 0.0, 0.0, 0.0, 0.18533333333333332, 0.07075, 0.07075], [1.0, 0.0, 0.0, 0.0, 0.0, 0.283, 0.283, 0.283], [1.0, 0.0, 0.0, 0.0, 0.0, 0.283, 0.283, 0.283], [1.0, 0.0, 0.0, 0.0, 0.0, 0.283, 0.283, 0.283]]	
('1539872', '9162724', '7794543', '14428517,1473241')	rank:6	pos:1	terms:4	frequency:0	score:1	aggr:[[1.0, 0.0, 0.0, 0.0, 0.0, 0.283, 0.283, 0.283], [1.0, 0.0, 0.0, 0.0, 0.0, 0.283, 0.283, 0.283], [1.0, 0.0, 0.0, 0.0, 0.0, 0.283, 0.283, 0.283], [1.0, 0.0, 0.0, 0.0, 0.0, 0.283, 0.283, 0.283], [1.0, 0.0, 0.0, 0.0, 0.0, 0.283, 0.283, 0.283], [1.0, 0.0, 0.0, 0.0, 0.0, 0.283, 0.283, 0.283], [1.0, 0.0, 0.0, 0.0, 0.0, 0.283, 0.283, 0.283], [1.0, 0.0, 0.0, 0.0, 0.0, 0.283, 0.283, 0.283]]	
('1539872', '9162724', '7794543', '25435124,2541049')	rank:7	pos:1	terms:4	frequency:0	score:1	aggr:[[1.0, 0.0, 0.0, 0.0, 0.0, 0.283, 0.283, 0.283], [1.0, 0.0, 0.0, 0.0, 0.0, 0.283, 0.283, 0.283], [1.0, 0.0, 0.0, 0.0, 0.0, 0.283, 0.283, 0.283], [1.0, 0.0, 0.0, 0.0, 0.0, 0.283, 0.283, 0.283], [1.0, 0.0, 0.0, 0.0, 0.0, 0.283, 0.283, 0.283], [1.0, 0.0, 0.0, 0.0, 0.0, 0.283, 0.283, 0.283], [1.0, 0.0, 0.0, 0.0, 0.0, 0.283, 0.283, 0.283], [1.0, 0.0, 0.0, 0.0, 0.0, 0.283, 0.283, 0.283]]	
('1539872', '9162724', '7794543', '54221834,4389887')	rank:8	pos:1	terms:4	frequency:0	score:1	aggr:[[0.8, 0.0, 0.0, 0.0, 0.2, 0.4232666666666667, 0.0566, 0.2566], [1.0, 0.0, 0.0, 0.0, 0.0, 0.283, 0.283, 0.283], [1.0, 0.0, 0.0, 0.0, 0.0, 0.283, 0.283, 0.283], [1.0, 0.0, 0.0, 0.0, 0.0, 0.283, 0.283, 0.283], [0.8, 0.0, 0.0, 0.0, 0.2, 0.4232666666666667, 0.0566, 0.2566], [1.0, 0.0, 0.0, 0.0, 0.0, 0.283, 0.283, 0.283], [1.0, 0.0, 0.0, 0.0, 0.0, 0.283, 0.283, 0.283], [1.0, 0.0, 0.0, 0.0, 0.0, 0.283, 0.283, 0.283]]	
('1539872', '9162724', '7794543', '37396511,3454753')	rank:9	pos:1	terms:4	frequency:0	score:1	aggr:[[1.0, 0.0, 0.0, 0.0, 0.0, 0.283, 0.283, 0.283], [1.0, 0.0, 0.0, 0.0, 0.0, 0.283, 0.283, 0.283], [1.0, 0.0, 0.0, 0.0, 0.0, 0.283, 0.283, 0.283], [1.0, 0.0, 0.0, 0.0, 0.0, 0.283, 0.283, 0.283], [1.0, 0.0, 0.0, 0.0, 0.0, 0.283, 0.283, 0.283], [1.0, 0.0, 0.0, 0.0, 0.0, 0.283, 0.283, 0.283], [1.0, 0.0, 0.0, 0.0, 0.0, 0.283, 0.283, 0.283], [1.0, 0.0, 0.0, 0.0, 0.0, 0.283, 0.283, 0.283]]	
('1539872', '9162724', '7794543', '14413610,1470619')	rank:10	pos:1	terms:4	frequency:0	score:1	aggr:[[1.0, 0.0, 0.0, 0.0, 0.0, 0.283, 0.283, 0.283], [1.0, 0.0, 0.0, 0.0, 0.0, 0.283, 0.283, 0.283], [1.0, 0.0, 0.0, 0.0, 0.0, 0.283, 0.283, 0.283], [1.0, 0.0, 0.0, 0.0, 0.0, 0.283, 0.283, 0.283], [1.0, 0.0, 0.0, 0.0, 0.0, 0.283, 0.283, 0.283], [1.0, 0.0, 0.0, 0.0, 0.0, 0.283, 0.283, 0.283], [1.0, 0.0, 0.0, 0.0, 0.0, 0.283, 0.283, 0.283], [1.0, 0.0, 0.0, 0.0, 0.0, 0.283, 0.283, 0.283]]	
