num_query:0	num_avg_terms:0	num_clicks6:0	num_clicks35:0	num_clicks12:0	
('1582533', '9417143', '11231161', '26125860,2597528')	rank:1	pos:1	terms:1	frequency:0	score:1	aggr:[[0.8227513227513228, 0.07539682539682539, 0.006613756613756613, 0.015873015873015872, 0.07936507936507936, 0.2853878810783567, 0.04387920970857478, 0.07144230284706476], [1.0, 0.0, 0.0, 0.0, 0.0, 0.283, 0.283, 0.283], [1.0, 0.0, 0.0, 0.0, 0.0, 0.283, 0.283, 0.283], [1.0, 0.0, 0.0, 0.0, 0.0, 0.283, 0.283, 0.283], [0.8227513227513228, 0.07539682539682539, 0.006613756613756613, 0.015873015873015872, 0.07936507936507936, 0.2853878810783567, 0.04387920970857478, 0.07144230284706476], [1.0, 0.0, 0.0, 0.0, 0.0, 0.283, 0.283, 0.283], [1.0, 0.0, 0.0, 0.0, 0.0, 0.283, 0.283, 0.283], [1.0, 0.0, 0.0, 0.0, 0.0, 0.283, 0.283, 0.283]]	
('1582533', '9417143', '11231161', '66100540,5002937')	rank:2	pos:1	terms:1	frequency:0	score:1	aggr:[[1.0, 0.0, 0.0, 0.0, 0.0, 0.283, 0.283, 0.283], [1.0, 0.0, 0.0, 0.0, 0.0, 0.283, 0.283, 0.283], [1.0, 0.0, 0.0, 0.0, 0.0, 0.283, 0.283, 0.283], [1.0, 0.0, 0.0, 0.0, 0.0, 0.283, 0.283, 0.283], [1.0, 0.0, 0.0, 0.0, 0.0, 0.283, 0.283, 0.283], [1.0, 0.0, 0.0, 0.0, 0.0, 0.283, 0.283, 0.283], [1.0, 0.0, 0.0, 0.0, 0.0, 0.283, 0.283, 0.283], [1.0, 0.0, 0.0, 0.0, 0.0, 0.283, 0.283, 0.283]]	
('1582533', '9417143', '11231161', '18101852,1900673')	rank:3	pos:1	terms:1	frequency:0	score:1	aggr:[[1.0, 0.0, 0.0, 0.0, 0.0, 0.283, 0.283, 0.283], [1.0, 0.0, 0.0, 0.0, 0.0, 0.283, 0.283, 0.283], [1.0, 0.0, 0.0, 0.0, 0.0, 0.283, 0.283, 0.283], [1.0, 0.0, 0.0, 0.0, 0.0, 0.283, 0.283, 0.283], [1.0, 0.0, 0.0, 0.0, 0.0, 0.283, 0.283, 0.283], [1.0, 0.0, 0.0, 0.0, 0.0, 0.283, 0.283, 0.283], [1.0, 0.0, 0.0, 0.0, 0.0, 0.283, 0.283, 0.283], [1.0, 0.0, 0.0, 0.0, 0.0, 0.283, 0.283, 0.283]]	
('1582533', '9417143', '11231161', '44895570,3891828')	rank:4	pos:1	terms:1	frequency:0	score:1	aggr:[[0.9444444444444444, 0.0, 0.0, 0.05555555555555555, 0.0, 0.17196119929453263, 0.01572222222222222, 0.02498148148148148], [1.0, 0.0, 0.0, 0.0, 0.0, 0.283, 0.283, 0.283], [1.0, 0.0, 0.0, 0.0, 0.0, 0.283, 0.283, 0.283], [1.0, 0.0, 0.0, 0.0, 0.0, 0.283, 0.283, 0.283], [0.9444444444444444, 0.0, 0.0, 0.05555555555555555, 0.0, 0.17196119929453263, 0.01572222222222222, 0.02498148148148148], [1.0, 0.0, 0.0, 0.0, 0.0, 0.283, 0.283, 0.283], [1.0, 0.0, 0.0, 0.0, 0.0, 0.283, 0.283, 0.283], [1.0, 0.0, 0.0, 0.0, 0.0, 0.283, 0.283, 0.283]]	
('1582533', '9417143', '11231161', '50921302,4229468')	rank:5	pos:1	terms:1	frequency:0	score:1	aggr:[[1.0, 0.0, 0.0, 0.0, 0.0, 0.22494444444444447, 0.04716666666666666, 0.04716666666666666], [1.0, 0.0, 0.0, 0.0, 0.0, 0.283, 0.283, 0.283], [1.0, 0.0, 0.0, 0.0, 0.0, 0.283, 0.283, 0.283], [1.0, 0.0, 0.0, 0.0, 0.0, 0.283, 0.283, 0.283], [1.0, 0.0, 0.0, 0.0, 0.0, 0.22494444444444447, 0.04716666666666666, 0.04716666666666666], [1.0, 0.0, 0.0, 0.0, 0.0, 0.283, 0.283, 0.283], [1.0, 0.0, 0.0, 0.0, 0.0, 0.283, 0.283, 0.283], [1.0, 0.0, 0.0, 0.0, 0.0, 0.283, 0.283, 0.283]]	
('1582533', '9417143', '11231161', '65812598,4985296')	rank:6	pos:1	terms:1	frequency:0	score:1	aggr:[[1.0, 0.0, 0.0, 0.0, 0.0, 0.21311111111111108, 0.07075, 0.07075], [1.0, 0.0, 0.0, 0.0, 0.0, 0.283, 0.283, 0.283], [1.0, 0.0, 0.0, 0.0, 0.0, 0.283, 0.283, 0.283], [1.0, 0.0, 0.0, 0.0, 0.0, 0.283, 0.283, 0.283], [1.0, 0.0, 0.0, 0.0, 0.0, 0.21311111111111108, 0.07075, 0.07075], [1.0, 0.0, 0.0, 0.0, 0.0, 0.283, 0.283, 0.283], [1.0, 0.0, 0.0, 0.0, 0.0, 0.283, 0.283, 0.283], [1.0, 0.0, 0.0, 0.0, 0.0, 0.283, 0.283, 0.283]]	
('1582533', '9417143', '11231161', '5566903,720574')	rank:7	pos:1	terms:1	frequency:0	score:1	aggr:[[1.0, 0.0, 0.0, 0.0, 0.0, 0.283, 0.283, 0.283], [1.0, 0.0, 0.0, 0.0, 0.0, 0.283, 0.283, 0.283], [1.0, 0.0, 0.0, 0.0, 0.0, 0.283, 0.283, 0.283], [1.0, 0.0, 0.0, 0.0, 0.0, 0.283, 0.283, 0.283], [1.0, 0.0, 0.0, 0.0, 0.0, 0.283, 0.283, 0.283], [1.0, 0.0, 0.0, 0.0, 0.0, 0.283, 0.283, 0.283], [1.0, 0.0, 0.0, 0.0, 0.0, 0.283, 0.283, 0.283], [1.0, 0.0, 0.0, 0.0, 0.0, 0.283, 0.283, 0.283]]	
('1582533', '9417143', '11231161', '16193460,1693007')	rank:8	pos:1	terms:1	frequency:0	score:1	aggr:[[1.0, 0.0, 0.0, 0.0, 0.0, 0.283, 0.283, 0.283], [1.0, 0.0, 0.0, 0.0, 0.0, 0.283, 0.283, 0.283], [1.0, 0.0, 0.0, 0.0, 0.0, 0.283, 0.283, 0.283], [1.0, 0.0, 0.0, 0.0, 0.0, 0.283, 0.283, 0.283], [1.0, 0.0, 0.0, 0.0, 0.0, 0.283, 0.283, 0.283], [1.0, 0.0, 0.0, 0.0, 0.0, 0.283, 0.283, 0.283], [1.0, 0.0, 0.0, 0.0, 0.0, 0.283, 0.283, 0.283], [1.0, 0.0, 0.0, 0.0, 0.0, 0.283, 0.283, 0.283]]	
('1582533', '9417143', '11231161', '48744366,4113861')	rank:9	pos:1	terms:1	frequency:0	score:1	aggr:[[1.0, 0.0, 0.0, 0.0, 0.0, 0.283, 0.283, 0.283], [1.0, 0.0, 0.0, 0.0, 0.0, 0.283, 0.283, 0.283], [1.0, 0.0, 0.0, 0.0, 0.0, 0.283, 0.283, 0.283], [1.0, 0.0, 0.0, 0.0, 0.0, 0.283, 0.283, 0.283], [1.0, 0.0, 0.0, 0.0, 0.0, 0.283, 0.283, 0.283], [1.0, 0.0, 0.0, 0.0, 0.0, 0.283, 0.283, 0.283], [1.0, 0.0, 0.0, 0.0, 0.0, 0.283, 0.283, 0.283], [1.0, 0.0, 0.0, 0.0, 0.0, 0.283, 0.283, 0.283]]	
('1582533', '9417143', '11231161', '56629055,4489334')	rank:10	pos:1	terms:1	frequency:0	score:1	aggr:[[1.0, 0.0, 0.0, 0.0, 0.0, 0.283, 0.283, 0.283], [1.0, 0.0, 0.0, 0.0, 0.0, 0.283, 0.283, 0.283], [1.0, 0.0, 0.0, 0.0, 0.0, 0.283, 0.283, 0.283], [1.0, 0.0, 0.0, 0.0, 0.0, 0.283, 0.283, 0.283], [1.0, 0.0, 0.0, 0.0, 0.0, 0.283, 0.283, 0.283], [1.0, 0.0, 0.0, 0.0, 0.0, 0.283, 0.283, 0.283], [1.0, 0.0, 0.0, 0.0, 0.0, 0.283, 0.283, 0.283], [1.0, 0.0, 0.0, 0.0, 0.0, 0.283, 0.283, 0.283]]	
('1582533', '9417143', '9870845', '5649859,736613')	rank:1	pos:2	terms:3	frequency:1	score:1	aggr:[[1.0, 0.0, 0.0, 0.0, 0.0, 0.6415, 0.1415, 0.1415], [1.0, 0.0, 0.0, 0.0, 0.0, 0.6415, 0.1415, 0.1415], [1.0, 0.0, 0.0, 0.0, 0.0, 0.6415, 0.1415, 0.1415], [1.0, 0.0, 0.0, 0.0, 0.0, 0.6415, 0.1415, 0.1415], [1.0, 0.0, 0.0, 0.0, 0.0, 0.6415, 0.1415, 0.1415], [1.0, 0.0, 0.0, 0.0, 0.0, 0.6415, 0.1415, 0.1415], [1.0, 0.0, 0.0, 0.0, 0.0, 0.6415, 0.1415, 0.1415], [1.0, 0.0, 0.0, 0.0, 0.0, 0.6415, 0.1415, 0.1415]]	
('1582533', '9417143', '9870845', '31854881,3114734')	rank:2	pos:2	terms:3	frequency:1	score:1	aggr:[[0.8571428571428571, 0.14285714285714285, 0.0, 0.0, 0.0, 0.2917278911564626, 0.11545238095238095, 0.020214285714285712], [1.0, 0.0, 0.0, 0.0, 0.0, 0.39149999999999996, 0.1415, 0.1415], [1.0, 0.0, 0.0, 0.0, 0.0, 0.39149999999999996, 0.1415, 0.1415], [1.0, 0.0, 0.0, 0.0, 0.0, 0.39149999999999996, 0.1415, 0.1415], [0.8571428571428571, 0.14285714285714285, 0.0, 0.0, 0.0, 0.2917278911564626, 0.11545238095238095, 0.020214285714285712], [1.0, 0.0, 0.0, 0.0, 0.0, 0.39149999999999996, 0.1415, 0.1415], [1.0, 0.0, 0.0, 0.0, 0.0, 0.39149999999999996, 0.1415, 0.1415], [1.0, 0.0, 0.0, 0.0, 0.0, 0.39149999999999996, 0.1415, 0.1415]]	
('1582533', '9417143', '9870845', '5256051,675154')	rank:3	pos:2	terms:3	frequency:1	score:1	aggr:[[1.0, 0.0, 0.0, 0.0, 0.0, 0.4665833333333333, 0.07075, 0.07075], [1.0, 0.0, 0.0, 0.0, 0.0, 0.30816666666666664, 0.1415, 0.1415], [1.0, 0.0, 0.0, 0.0, 0.0, 0.30816666666666664, 0.1415, 0.1415], [1.0, 0.0, 0.0, 0.0, 0.0, 0.30816666666666664, 0.1415, 0.1415], [1.0, 0.0, 0.0, 0.0, 0.0, 0.4665833333333333, 0.07075, 0.07075], [1.0, 0.0, 0.0, 0.0, 0.0, 0.30816666666666664, 0.1415, 0.1415], [1.0, 0.0, 0.0, 0.0, 0.0, 0.30816666666666664, 0.1415, 0.1415], [1.0, 0.0, 0.0, 0.0, 0.0, 0.30816666666666664, 0.1415, 0.1415]]	
('1582533', '9417143', '9870845', '16934435,1768177')	rank:4	pos:2	terms:3	frequency:1	score:1	aggr:[[1.0, 0.0, 0.0, 0.0, 0.0, 0.26649999999999996, 0.1415, 0.1415], [1.0, 0.0, 0.0, 0.0, 0.0, 0.26649999999999996, 0.1415, 0.1415], [1.0, 0.0, 0.0, 0.0, 0.0, 0.26649999999999996, 0.1415, 0.1415], [1.0, 0.0, 0.0, 0.0, 0.0, 0.26649999999999996, 0.1415, 0.1415], [1.0, 0.0, 0.0, 0.0, 0.0, 0.26649999999999996, 0.1415, 0.1415], [1.0, 0.0, 0.0, 0.0, 0.0, 0.26649999999999996, 0.1415, 0.1415], [1.0, 0.0, 0.0, 0.0, 0.0, 0.26649999999999996, 0.1415, 0.1415], [1.0, 0.0, 0.0, 0.0, 0.0, 0.26649999999999996, 0.1415, 0.1415]]	
('1582533', '9417143', '9870845', '16964547,1770368')	rank:5	pos:2	terms:3	frequency:1	score:1	aggr:[[1.0, 0.0, 0.0, 0.0, 0.0, 0.20861904761904762, 0.09433333333333332, 0.09433333333333332], [1.0, 0.0, 0.0, 0.0, 0.0, 0.2415, 0.1415, 0.1415], [1.0, 0.0, 0.0, 0.0, 0.0, 0.2415, 0.1415, 0.1415], [1.0, 0.0, 0.0, 0.0, 0.0, 0.2415, 0.1415, 0.1415], [1.0, 0.0, 0.0, 0.0, 0.0, 0.20861904761904762, 0.09433333333333332, 0.09433333333333332], [1.0, 0.0, 0.0, 0.0, 0.0, 0.2415, 0.1415, 0.1415], [1.0, 0.0, 0.0, 0.0, 0.0, 0.2415, 0.1415, 0.1415], [1.0, 0.0, 0.0, 0.0, 0.0, 0.2415, 0.1415, 0.1415]]	
('1582533', '9417143', '9870845', '46159445,3957158')	rank:6	pos:2	terms:3	frequency:1	score:1	aggr:[[1.0, 0.0, 0.0, 0.0, 0.0, 0.22483333333333333, 0.1415, 0.1415], [1.0, 0.0, 0.0, 0.0, 0.0, 0.22483333333333333, 0.1415, 0.1415], [1.0, 0.0, 0.0, 0.0, 0.0, 0.22483333333333333, 0.1415, 0.1415], [1.0, 0.0, 0.0, 0.0, 0.0, 0.22483333333333333, 0.1415, 0.1415], [1.0, 0.0, 0.0, 0.0, 0.0, 0.22483333333333333, 0.1415, 0.1415], [1.0, 0.0, 0.0, 0.0, 0.0, 0.22483333333333333, 0.1415, 0.1415], [1.0, 0.0, 0.0, 0.0, 0.0, 0.22483333333333333, 0.1415, 0.1415], [1.0, 0.0, 0.0, 0.0, 0.0, 0.22483333333333333, 0.1415, 0.1415]]	
('1582533', '9417143', '9870845', '5494815,708611')	rank:7	pos:2	terms:3	frequency:1	score:1	aggr:[[1.0, 0.0, 0.0, 0.0, 0.0, 0.204, 0.1415, 0.1415], [1.0, 0.0, 0.0, 0.0, 0.0, 0.204, 0.1415, 0.1415], [1.0, 0.0, 0.0, 0.0, 0.0, 0.204, 0.1415, 0.1415], [1.0, 0.0, 0.0, 0.0, 0.0, 0.204, 0.1415, 0.1415], [1.0, 0.0, 0.0, 0.0, 0.0, 0.204, 0.1415, 0.1415], [1.0, 0.0, 0.0, 0.0, 0.0, 0.204, 0.1415, 0.1415], [1.0, 0.0, 0.0, 0.0, 0.0, 0.204, 0.1415, 0.1415], [1.0, 0.0, 0.0, 0.0, 0.0, 0.204, 0.1415, 0.1415]]	
('1582533', '9417143', '9870845', '31476748,3085024')	rank:8	pos:2	terms:3	frequency:1	score:1	aggr:[[1.0, 0.0, 0.0, 0.0, 0.0, 0.283, 0.283, 0.283], [1.0, 0.0, 0.0, 0.0, 0.0, 0.283, 0.283, 0.283], [1.0, 0.0, 0.0, 0.0, 0.0, 0.283, 0.283, 0.283], [1.0, 0.0, 0.0, 0.0, 0.0, 0.283, 0.283, 0.283], [1.0, 0.0, 0.0, 0.0, 0.0, 0.283, 0.283, 0.283], [1.0, 0.0, 0.0, 0.0, 0.0, 0.283, 0.283, 0.283], [1.0, 0.0, 0.0, 0.0, 0.0, 0.283, 0.283, 0.283], [1.0, 0.0, 0.0, 0.0, 0.0, 0.283, 0.283, 0.283]]	
('1582533', '9417143', '9870845', '3241461,441402')	rank:9	pos:2	terms:3	frequency:1	score:1	aggr:[[1.0, 0.0, 0.0, 0.0, 0.0, 0.283, 0.283, 0.283], [1.0, 0.0, 0.0, 0.0, 0.0, 0.283, 0.283, 0.283], [1.0, 0.0, 0.0, 0.0, 0.0, 0.283, 0.283, 0.283], [1.0, 0.0, 0.0, 0.0, 0.0, 0.283, 0.283, 0.283], [1.0, 0.0, 0.0, 0.0, 0.0, 0.283, 0.283, 0.283], [1.0, 0.0, 0.0, 0.0, 0.0, 0.283, 0.283, 0.283], [1.0, 0.0, 0.0, 0.0, 0.0, 0.283, 0.283, 0.283], [1.0, 0.0, 0.0, 0.0, 0.0, 0.283, 0.283, 0.283]]	
('1582533', '9417143', '9870845', '25746600,2573471')	rank:10	pos:2	terms:3	frequency:1	score:1	aggr:[[1.0, 0.0, 0.0, 0.0, 0.0, 0.1915, 0.1415, 0.1415], [1.0, 0.0, 0.0, 0.0, 0.0, 0.1915, 0.1415, 0.1415], [1.0, 0.0, 0.0, 0.0, 0.0, 0.1915, 0.1415, 0.1415], [1.0, 0.0, 0.0, 0.0, 0.0, 0.1915, 0.1415, 0.1415], [1.0, 0.0, 0.0, 0.0, 0.0, 0.1915, 0.1415, 0.1415], [1.0, 0.0, 0.0, 0.0, 0.0, 0.1915, 0.1415, 0.1415], [1.0, 0.0, 0.0, 0.0, 0.0, 0.1915, 0.1415, 0.1415], [1.0, 0.0, 0.0, 0.0, 0.0, 0.1915, 0.1415, 0.1415]]	
('1582533', '9417143', '5416264', '38178172,3498535')	rank:1	pos:3	terms:5	frequency:0	score:1	aggr:[[1.0, 0.0, 0.0, 0.0, 0.0, 0.2478333333333333, 0.07075, 0.07075], [1.0, 0.0, 0.0, 0.0, 0.0, 0.283, 0.283, 0.283], [1.0, 0.0, 0.0, 0.0, 0.0, 0.283, 0.283, 0.283], [1.0, 0.0, 0.0, 0.0, 0.0, 0.283, 0.283, 0.283], [1.0, 0.0, 0.0, 0.0, 0.0, 0.2478333333333333, 0.07075, 0.07075], [1.0, 0.0, 0.0, 0.0, 0.0, 0.283, 0.283, 0.283], [1.0, 0.0, 0.0, 0.0, 0.0, 0.283, 0.283, 0.283], [1.0, 0.0, 0.0, 0.0, 0.0, 0.283, 0.283, 0.283]]	
('1582533', '9417143', '5416264', '38178174,3498535')	rank:2	pos:3	terms:5	frequency:0	score:1	aggr:[[1.0, 0.0, 0.0, 0.0, 0.0, 0.2478333333333333, 0.07075, 0.07075], [1.0, 0.0, 0.0, 0.0, 0.0, 0.283, 0.283, 0.283], [1.0, 0.0, 0.0, 0.0, 0.0, 0.283, 0.283, 0.283], [1.0, 0.0, 0.0, 0.0, 0.0, 0.283, 0.283, 0.283], [1.0, 0.0, 0.0, 0.0, 0.0, 0.2478333333333333, 0.07075, 0.07075], [1.0, 0.0, 0.0, 0.0, 0.0, 0.283, 0.283, 0.283], [1.0, 0.0, 0.0, 0.0, 0.0, 0.283, 0.283, 0.283], [1.0, 0.0, 0.0, 0.0, 0.0, 0.283, 0.283, 0.283]]	
('1582533', '9417143', '5416264', '846905,133787')	rank:3	pos:3	terms:5	frequency:0	score:1	aggr:[[1.0, 0.0, 0.0, 0.0, 0.0, 0.26149718381976444, 0.009129032258064515, 0.009129032258064515], [1.0, 0.0, 0.0, 0.0, 0.0, 0.283, 0.283, 0.283], [1.0, 0.0, 0.0, 0.0, 0.0, 0.283, 0.283, 0.283], [1.0, 0.0, 0.0, 0.0, 0.0, 0.283, 0.283, 0.283], [1.0, 0.0, 0.0, 0.0, 0.0, 0.26149718381976444, 0.009129032258064515, 0.009129032258064515], [1.0, 0.0, 0.0, 0.0, 0.0, 0.283, 0.283, 0.283], [1.0, 0.0, 0.0, 0.0, 0.0, 0.283, 0.283, 0.283], [1.0, 0.0, 0.0, 0.0, 0.0, 0.283, 0.283, 0.283]]	
('1582533', '9417143', '5416264', '41324350,3679982')	rank:4	pos:3	terms:5	frequency:0	score:1	aggr:[[1.0, 0.0, 0.0, 0.0, 0.0, 0.1647037037037037, 0.09433333333333332, 0.09433333333333332], [1.0, 0.0, 0.0, 0.0, 0.0, 0.1915, 0.1415, 0.1415], [1.0, 0.0, 0.0, 0.0, 0.0, 0.283, 0.283, 0.283], [1.0, 0.0, 0.0, 0.0, 0.0, 0.283, 0.283, 0.283], [1.0, 0.0, 0.0, 0.0, 0.0, 0.1647037037037037, 0.09433333333333332, 0.09433333333333332], [1.0, 0.0, 0.0, 0.0, 0.0, 0.1915, 0.1415, 0.1415], [1.0, 0.0, 0.0, 0.0, 0.0, 0.283, 0.283, 0.283], [1.0, 0.0, 0.0, 0.0, 0.0, 0.283, 0.283, 0.283]]	
('1582533', '9417143', '5416264', '47625342,4029651')	rank:5	pos:3	terms:5	frequency:0	score:1	aggr:[[0.746268656716418, 0.07462686567164178, 0.029850746268656716, 0.04477611940298507, 0.1044776119402985, 0.19122340677564556, 0.050243781094527366, 0.13322174840085288], [1.0, 0.0, 0.0, 0.0, 0.0, 0.283, 0.283, 0.283], [1.0, 0.0, 0.0, 0.0, 0.0, 0.283, 0.283, 0.283], [1.0, 0.0, 0.0, 0.0, 0.0, 0.283, 0.283, 0.283], [0.746268656716418, 0.07462686567164178, 0.029850746268656716, 0.04477611940298507, 0.1044776119402985, 0.19122340677564556, 0.050243781094527366, 0.13322174840085288], [1.0, 0.0, 0.0, 0.0, 0.0, 0.283, 0.283, 0.283], [1.0, 0.0, 0.0, 0.0, 0.0, 0.283, 0.283, 0.283], [1.0, 0.0, 0.0, 0.0, 0.0, 0.283, 0.283, 0.283]]	
('1582533', '9417143', '5416264', '22962069,2312616')	rank:6	pos:3	terms:5	frequency:0	score:1	aggr:[[0.8974358974358975, 0.07692307692307693, 0.0, 0.0, 0.02564102564102564, 0.33647903947903945, 0.04785470085470086, 0.03289743589743589], [1.0, 0.0, 0.0, 0.0, 0.0, 0.283, 0.283, 0.283], [1.0, 0.0, 0.0, 0.0, 0.0, 0.283, 0.283, 0.283], [1.0, 0.0, 0.0, 0.0, 0.0, 0.283, 0.283, 0.283], [0.8974358974358975, 0.07692307692307693, 0.0, 0.0, 0.02564102564102564, 0.33647903947903945, 0.04785470085470086, 0.03289743589743589], [1.0, 0.0, 0.0, 0.0, 0.0, 0.283, 0.283, 0.283], [1.0, 0.0, 0.0, 0.0, 0.0, 0.283, 0.283, 0.283], [1.0, 0.0, 0.0, 0.0, 0.0, 0.283, 0.283, 0.283]]	
('1582533', '9417143', '5416264', '2491990,358678')	rank:7	pos:3	terms:5	frequency:0	score:1	aggr:[[0.8333333333333334, 0.16666666666666666, 0.0, 0.0, 0.0, 0.1902222222222222, 0.08883333333333332, 0.04716666666666666], [1.0, 0.0, 0.0, 0.0, 0.0, 0.283, 0.283, 0.283], [1.0, 0.0, 0.0, 0.0, 0.0, 0.283, 0.283, 0.283], [1.0, 0.0, 0.0, 0.0, 0.0, 0.283, 0.283, 0.283], [0.8333333333333334, 0.16666666666666666, 0.0, 0.0, 0.0, 0.1902222222222222, 0.08883333333333332, 0.04716666666666666], [1.0, 0.0, 0.0, 0.0, 0.0, 0.283, 0.283, 0.283], [1.0, 0.0, 0.0, 0.0, 0.0, 0.283, 0.283, 0.283], [1.0, 0.0, 0.0, 0.0, 0.0, 0.283, 0.283, 0.283]]	
('1582533', '9417143', '5416264', '46614156,3983222')	rank:8	pos:3	terms:5	frequency:0	score:1	aggr:[[1.0, 0.0, 0.0, 0.0, 0.0, 0.17528571428571427, 0.09433333333333332, 0.09433333333333332], [1.0, 0.0, 0.0, 0.0, 0.0, 0.283, 0.283, 0.283], [1.0, 0.0, 0.0, 0.0, 0.0, 0.283, 0.283, 0.283], [1.0, 0.0, 0.0, 0.0, 0.0, 0.283, 0.283, 0.283], [1.0, 0.0, 0.0, 0.0, 0.0, 0.17528571428571427, 0.09433333333333332, 0.09433333333333332], [1.0, 0.0, 0.0, 0.0, 0.0, 0.283, 0.283, 0.283], [1.0, 0.0, 0.0, 0.0, 0.0, 0.283, 0.283, 0.283], [1.0, 0.0, 0.0, 0.0, 0.0, 0.283, 0.283, 0.283]]	
('1582533', '9417143', '5416264', '29194085,2863181')	rank:9	pos:3	terms:5	frequency:0	score:1	aggr:[[0.9615384615384616, 0.038461538461538464, 0.0, 0.0, 0.0, 0.2640286935286935, 0.023705128205128205, 0.010884615384615383], [1.0, 0.0, 0.0, 0.0, 0.0, 0.283, 0.283, 0.283], [1.0, 0.0, 0.0, 0.0, 0.0, 0.283, 0.283, 0.283], [1.0, 0.0, 0.0, 0.0, 0.0, 0.283, 0.283, 0.283], [0.9615384615384616, 0.038461538461538464, 0.0, 0.0, 0.0, 0.2640286935286935, 0.023705128205128205, 0.010884615384615383], [1.0, 0.0, 0.0, 0.0, 0.0, 0.283, 0.283, 0.283], [1.0, 0.0, 0.0, 0.0, 0.0, 0.283, 0.283, 0.283], [1.0, 0.0, 0.0, 0.0, 0.0, 0.283, 0.283, 0.283]]	
('1582533', '9417143', '5416264', '20406641,2097153')	rank:10	pos:3	terms:5	frequency:0	score:1	aggr:[[1.0, 0.0, 0.0, 0.0, 0.0, 0.283, 0.283, 0.283], [1.0, 0.0, 0.0, 0.0, 0.0, 0.283, 0.283, 0.283], [1.0, 0.0, 0.0, 0.0, 0.0, 0.283, 0.283, 0.283], [1.0, 0.0, 0.0, 0.0, 0.0, 0.283, 0.283, 0.283], [1.0, 0.0, 0.0, 0.0, 0.0, 0.283, 0.283, 0.283], [1.0, 0.0, 0.0, 0.0, 0.0, 0.283, 0.283, 0.283], [1.0, 0.0, 0.0, 0.0, 0.0, 0.283, 0.283, 0.283], [1.0, 0.0, 0.0, 0.0, 0.0, 0.283, 0.283, 0.283]]	
('1582533', '9417143', '16636424', '38178172,3498535')	rank:1	pos:4	terms:4	frequency:0	score:3	aggr:[[1.0, 0.0, 0.0, 0.0, 0.0, 0.2478333333333333, 0.07075, 0.07075], [1.0, 0.0, 0.0, 0.0, 0.0, 0.283, 0.283, 0.283], [1.0, 0.0, 0.0, 0.0, 0.0, 0.283, 0.283, 0.283], [1.0, 0.0, 0.0, 0.0, 0.0, 0.283, 0.283, 0.283], [1.0, 0.0, 0.0, 0.0, 0.0, 0.2478333333333333, 0.07075, 0.07075], [1.0, 0.0, 0.0, 0.0, 0.0, 0.283, 0.283, 0.283], [1.0, 0.0, 0.0, 0.0, 0.0, 0.283, 0.283, 0.283], [1.0, 0.0, 0.0, 0.0, 0.0, 0.283, 0.283, 0.283]]	
('1582533', '9417143', '16636424', '22962069,2312616')	rank:2	pos:4	terms:4	frequency:0	score:1	aggr:[[0.8974358974358975, 0.07692307692307693, 0.0, 0.0, 0.02564102564102564, 0.33647903947903945, 0.04785470085470086, 0.03289743589743589], [1.0, 0.0, 0.0, 0.0, 0.0, 0.283, 0.283, 0.283], [1.0, 0.0, 0.0, 0.0, 0.0, 0.283, 0.283, 0.283], [1.0, 0.0, 0.0, 0.0, 0.0, 0.283, 0.283, 0.283], [0.8974358974358975, 0.07692307692307693, 0.0, 0.0, 0.02564102564102564, 0.33647903947903945, 0.04785470085470086, 0.03289743589743589], [1.0, 0.0, 0.0, 0.0, 0.0, 0.283, 0.283, 0.283], [1.0, 0.0, 0.0, 0.0, 0.0, 0.283, 0.283, 0.283], [1.0, 0.0, 0.0, 0.0, 0.0, 0.283, 0.283, 0.283]]	
('1582533', '9417143', '16636424', '47625342,4029651')	rank:3	pos:4	terms:4	frequency:0	score:1	aggr:[[0.746268656716418, 0.07462686567164178, 0.029850746268656716, 0.04477611940298507, 0.1044776119402985, 0.19122340677564556, 0.050243781094527366, 0.13322174840085288], [1.0, 0.0, 0.0, 0.0, 0.0, 0.283, 0.283, 0.283], [1.0, 0.0, 0.0, 0.0, 0.0, 0.283, 0.283, 0.283], [1.0, 0.0, 0.0, 0.0, 0.0, 0.283, 0.283, 0.283], [0.746268656716418, 0.07462686567164178, 0.029850746268656716, 0.04477611940298507, 0.1044776119402985, 0.19122340677564556, 0.050243781094527366, 0.13322174840085288], [1.0, 0.0, 0.0, 0.0, 0.0, 0.283, 0.283, 0.283], [1.0, 0.0, 0.0, 0.0, 0.0, 0.283, 0.283, 0.283], [1.0, 0.0, 0.0, 0.0, 0.0, 0.283, 0.283, 0.283]]	
('1582533', '9417143', '16636424', '41324350,3679982')	rank:4	pos:4	terms:4	frequency:0	score:1	aggr:[[1.0, 0.0, 0.0, 0.0, 0.0, 0.1647037037037037, 0.09433333333333332, 0.09433333333333332], [1.0, 0.0, 0.0, 0.0, 0.0, 0.1915, 0.1415, 0.1415], [1.0, 0.0, 0.0, 0.0, 0.0, 0.283, 0.283, 0.283], [1.0, 0.0, 0.0, 0.0, 0.0, 0.283, 0.283, 0.283], [1.0, 0.0, 0.0, 0.0, 0.0, 0.1647037037037037, 0.09433333333333332, 0.09433333333333332], [1.0, 0.0, 0.0, 0.0, 0.0, 0.1915, 0.1415, 0.1415], [1.0, 0.0, 0.0, 0.0, 0.0, 0.283, 0.283, 0.283], [1.0, 0.0, 0.0, 0.0, 0.0, 0.283, 0.283, 0.283]]	
('1582533', '9417143', '16636424', '29194085,2863181')	rank:5	pos:4	terms:4	frequency:0	score:1	aggr:[[0.9615384615384616, 0.038461538461538464, 0.0, 0.0, 0.0, 0.2640286935286935, 0.023705128205128205, 0.010884615384615383], [1.0, 0.0, 0.0, 0.0, 0.0, 0.283, 0.283, 0.283], [1.0, 0.0, 0.0, 0.0, 0.0, 0.283, 0.283, 0.283], [1.0, 0.0, 0.0, 0.0, 0.0, 0.283, 0.283, 0.283], [0.9615384615384616, 0.038461538461538464, 0.0, 0.0, 0.0, 0.2640286935286935, 0.023705128205128205, 0.010884615384615383], [1.0, 0.0, 0.0, 0.0, 0.0, 0.283, 0.283, 0.283], [1.0, 0.0, 0.0, 0.0, 0.0, 0.283, 0.283, 0.283], [1.0, 0.0, 0.0, 0.0, 0.0, 0.283, 0.283, 0.283]]	
('1582533', '9417143', '16636424', '20406641,2097153')	rank:6	pos:4	terms:4	frequency:0	score:1	aggr:[[1.0, 0.0, 0.0, 0.0, 0.0, 0.283, 0.283, 0.283], [1.0, 0.0, 0.0, 0.0, 0.0, 0.283, 0.283, 0.283], [1.0, 0.0, 0.0, 0.0, 0.0, 0.283, 0.283, 0.283], [1.0, 0.0, 0.0, 0.0, 0.0, 0.283, 0.283, 0.283], [1.0, 0.0, 0.0, 0.0, 0.0, 0.283, 0.283, 0.283], [1.0, 0.0, 0.0, 0.0, 0.0, 0.283, 0.283, 0.283], [1.0, 0.0, 0.0, 0.0, 0.0, 0.283, 0.283, 0.283], [1.0, 0.0, 0.0, 0.0, 0.0, 0.283, 0.283, 0.283]]	
('1582533', '9417143', '16636424', '846905,133787')	rank:7	pos:4	terms:4	frequency:0	score:1	aggr:[[1.0, 0.0, 0.0, 0.0, 0.0, 0.26149718381976444, 0.009129032258064515, 0.009129032258064515], [1.0, 0.0, 0.0, 0.0, 0.0, 0.283, 0.283, 0.283], [1.0, 0.0, 0.0, 0.0, 0.0, 0.283, 0.283, 0.283], [1.0, 0.0, 0.0, 0.0, 0.0, 0.283, 0.283, 0.283], [1.0, 0.0, 0.0, 0.0, 0.0, 0.26149718381976444, 0.009129032258064515, 0.009129032258064515], [1.0, 0.0, 0.0, 0.0, 0.0, 0.283, 0.283, 0.283], [1.0, 0.0, 0.0, 0.0, 0.0, 0.283, 0.283, 0.283], [1.0, 0.0, 0.0, 0.0, 0.0, 0.283, 0.283, 0.283]]	
('1582533', '9417143', '16636424', '47044999,3997189')	rank:8	pos:4	terms:4	frequency:0	score:1	aggr:[[1.0, 0.0, 0.0, 0.0, 0.0, 0.283, 0.283, 0.283], [1.0, 0.0, 0.0, 0.0, 0.0, 0.283, 0.283, 0.283], [1.0, 0.0, 0.0, 0.0, 0.0, 0.283, 0.283, 0.283], [1.0, 0.0, 0.0, 0.0, 0.0, 0.283, 0.283, 0.283], [1.0, 0.0, 0.0, 0.0, 0.0, 0.283, 0.283, 0.283], [1.0, 0.0, 0.0, 0.0, 0.0, 0.283, 0.283, 0.283], [1.0, 0.0, 0.0, 0.0, 0.0, 0.283, 0.283, 0.283], [1.0, 0.0, 0.0, 0.0, 0.0, 0.283, 0.283, 0.283]]	
('1582533', '9417143', '16636424', '46614156,3983222')	rank:9	pos:4	terms:4	frequency:0	score:1	aggr:[[1.0, 0.0, 0.0, 0.0, 0.0, 0.17528571428571427, 0.09433333333333332, 0.09433333333333332], [1.0, 0.0, 0.0, 0.0, 0.0, 0.283, 0.283, 0.283], [1.0, 0.0, 0.0, 0.0, 0.0, 0.283, 0.283, 0.283], [1.0, 0.0, 0.0, 0.0, 0.0, 0.283, 0.283, 0.283], [1.0, 0.0, 0.0, 0.0, 0.0, 0.17528571428571427, 0.09433333333333332, 0.09433333333333332], [1.0, 0.0, 0.0, 0.0, 0.0, 0.283, 0.283, 0.283], [1.0, 0.0, 0.0, 0.0, 0.0, 0.283, 0.283, 0.283], [1.0, 0.0, 0.0, 0.0, 0.0, 0.283, 0.283, 0.283]]	
('1582533', '9417143', '16636424', '23696313,2370824')	rank:10	pos:4	terms:4	frequency:0	score:1	aggr:[[1.0, 0.0, 0.0, 0.0, 0.0, 0.1838452380952381, 0.07075, 0.07075], [1.0, 0.0, 0.0, 0.0, 0.0, 0.283, 0.283, 0.283], [1.0, 0.0, 0.0, 0.0, 0.0, 0.283, 0.283, 0.283], [1.0, 0.0, 0.0, 0.0, 0.0, 0.283, 0.283, 0.283], [1.0, 0.0, 0.0, 0.0, 0.0, 0.1838452380952381, 0.07075, 0.07075], [1.0, 0.0, 0.0, 0.0, 0.0, 0.283, 0.283, 0.283], [1.0, 0.0, 0.0, 0.0, 0.0, 0.283, 0.283, 0.283], [1.0, 0.0, 0.0, 0.0, 0.0, 0.283, 0.283, 0.283]]	
('1582533', '9417143', '16636418', '40853140,3644126')	rank:1	pos:5	terms:2	frequency:0	score:2	aggr:[[0.5, 0.0, 0.0, 0.0, 0.5, 0.15408333333333332, 0.07075, 0.57075], [0.3333333333333333, 0.0, 0.0, 0.0, 0.6666666666666666, 0.09433333333333332, 0.09433333333333332, 0.761], [1.0, 0.0, 0.0, 0.0, 0.0, 0.283, 0.283, 0.283], [1.0, 0.0, 0.0, 0.0, 0.0, 0.283, 0.283, 0.283], [0.5, 0.0, 0.0, 0.0, 0.5, 0.15408333333333332, 0.07075, 0.57075], [0.3333333333333333, 0.0, 0.0, 0.0, 0.6666666666666666, 0.09433333333333332, 0.09433333333333332, 0.761], [1.0, 0.0, 0.0, 0.0, 0.0, 0.283, 0.283, 0.283], [1.0, 0.0, 0.0, 0.0, 0.0, 0.283, 0.283, 0.283]]	
('1582533', '9417143', '16636418', '40853769,3644126')	rank:2	pos:5	terms:2	frequency:0	score:2	aggr:[[0.5, 0.0, 0.0, 0.0, 0.5, 0.15408333333333332, 0.07075, 0.57075], [1.0, 0.0, 0.0, 0.0, 0.0, 0.283, 0.283, 0.283], [1.0, 0.0, 0.0, 0.0, 0.0, 0.283, 0.283, 0.283], [1.0, 0.0, 0.0, 0.0, 0.0, 0.283, 0.283, 0.283], [0.5, 0.0, 0.0, 0.0, 0.5, 0.15408333333333332, 0.07075, 0.57075], [1.0, 0.0, 0.0, 0.0, 0.0, 0.283, 0.283, 0.283], [1.0, 0.0, 0.0, 0.0, 0.0, 0.283, 0.283, 0.283], [1.0, 0.0, 0.0, 0.0, 0.0, 0.283, 0.283, 0.283]]	
('1582533', '9417143', '16636418', '2828509,399351')	rank:3	pos:5	terms:2	frequency:0	score:3	aggr:[[1.0, 0.0, 0.0, 0.0, 0.0, 0.37870168067226884, 0.008323529411764705, 0.008323529411764705], [1.0, 0.0, 0.0, 0.0, 0.0, 0.283, 0.283, 0.283], [1.0, 0.0, 0.0, 0.0, 0.0, 0.283, 0.283, 0.283], [1.0, 0.0, 0.0, 0.0, 0.0, 0.283, 0.283, 0.283], [1.0, 0.0, 0.0, 0.0, 0.0, 0.37870168067226884, 0.008323529411764705, 0.008323529411764705], [1.0, 0.0, 0.0, 0.0, 0.0, 0.283, 0.283, 0.283], [1.0, 0.0, 0.0, 0.0, 0.0, 0.283, 0.283, 0.283], [1.0, 0.0, 0.0, 0.0, 0.0, 0.283, 0.283, 0.283]]	
('1582533', '9417143', '16636418', '2828797,399351')	rank:4	pos:5	terms:2	frequency:0	score:4	aggr:[[1.0, 0.0, 0.0, 0.0, 0.0, 0.37870168067226884, 0.008323529411764705, 0.008323529411764705], [1.0, 0.0, 0.0, 0.0, 0.0, 0.283, 0.283, 0.283], [1.0, 0.0, 0.0, 0.0, 0.0, 0.283, 0.283, 0.283], [1.0, 0.0, 0.0, 0.0, 0.0, 0.283, 0.283, 0.283], [1.0, 0.0, 0.0, 0.0, 0.0, 0.37870168067226884, 0.008323529411764705, 0.008323529411764705], [1.0, 0.0, 0.0, 0.0, 0.0, 0.283, 0.283, 0.283], [1.0, 0.0, 0.0, 0.0, 0.0, 0.283, 0.283, 0.283], [1.0, 0.0, 0.0, 0.0, 0.0, 0.283, 0.283, 0.283]]	
('1582533', '9417143', '16636418', '29194085,2863181')	rank:5	pos:5	terms:2	frequency:0	score:5	aggr:[[0.9615384615384616, 0.038461538461538464, 0.0, 0.0, 0.0, 0.2640286935286935, 0.023705128205128205, 0.010884615384615383], [1.0, 0.0, 0.0, 0.0, 0.0, 0.283, 0.283, 0.283], [1.0, 0.0, 0.0, 0.0, 0.0, 0.283, 0.283, 0.283], [1.0, 0.0, 0.0, 0.0, 0.0, 0.283, 0.283, 0.283], [0.9615384615384616, 0.038461538461538464, 0.0, 0.0, 0.0, 0.2640286935286935, 0.023705128205128205, 0.010884615384615383], [1.0, 0.0, 0.0, 0.0, 0.0, 0.283, 0.283, 0.283], [1.0, 0.0, 0.0, 0.0, 0.0, 0.283, 0.283, 0.283], [1.0, 0.0, 0.0, 0.0, 0.0, 0.283, 0.283, 0.283]]	
('1582533', '9417143', '16636418', '51979799,4282300')	rank:6	pos:5	terms:2	frequency:0	score:1	aggr:[[1.0, 0.0, 0.0, 0.0, 0.0, 0.283, 0.283, 0.283], [1.0, 0.0, 0.0, 0.0, 0.0, 0.283, 0.283, 0.283], [1.0, 0.0, 0.0, 0.0, 0.0, 0.283, 0.283, 0.283], [1.0, 0.0, 0.0, 0.0, 0.0, 0.283, 0.283, 0.283], [1.0, 0.0, 0.0, 0.0, 0.0, 0.283, 0.283, 0.283], [1.0, 0.0, 0.0, 0.0, 0.0, 0.283, 0.283, 0.283], [1.0, 0.0, 0.0, 0.0, 0.0, 0.283, 0.283, 0.283], [1.0, 0.0, 0.0, 0.0, 0.0, 0.283, 0.283, 0.283]]	
('1582533', '9417143', '16636418', '841818,133787')	rank:7	pos:5	terms:2	frequency:0	score:1	aggr:[[1.0, 0.0, 0.0, 0.0, 0.0, 0.26149718381976444, 0.009129032258064515, 0.009129032258064515], [1.0, 0.0, 0.0, 0.0, 0.0, 0.283, 0.283, 0.283], [1.0, 0.0, 0.0, 0.0, 0.0, 0.283, 0.283, 0.283], [1.0, 0.0, 0.0, 0.0, 0.0, 0.283, 0.283, 0.283], [1.0, 0.0, 0.0, 0.0, 0.0, 0.26149718381976444, 0.009129032258064515, 0.009129032258064515], [1.0, 0.0, 0.0, 0.0, 0.0, 0.283, 0.283, 0.283], [1.0, 0.0, 0.0, 0.0, 0.0, 0.283, 0.283, 0.283], [1.0, 0.0, 0.0, 0.0, 0.0, 0.283, 0.283, 0.283]]	
('1582533', '9417143', '16636418', '51172382,4240423')	rank:8	pos:5	terms:2	frequency:0	score:1	aggr:[[1.0, 0.0, 0.0, 0.0, 0.0, 0.283, 0.283, 0.283], [1.0, 0.0, 0.0, 0.0, 0.0, 0.283, 0.283, 0.283], [1.0, 0.0, 0.0, 0.0, 0.0, 0.283, 0.283, 0.283], [1.0, 0.0, 0.0, 0.0, 0.0, 0.283, 0.283, 0.283], [1.0, 0.0, 0.0, 0.0, 0.0, 0.283, 0.283, 0.283], [1.0, 0.0, 0.0, 0.0, 0.0, 0.283, 0.283, 0.283], [1.0, 0.0, 0.0, 0.0, 0.0, 0.283, 0.283, 0.283], [1.0, 0.0, 0.0, 0.0, 0.0, 0.283, 0.283, 0.283]]	
('1582533', '9417143', '16636418', '40493719,3621629')	rank:9	pos:5	terms:2	frequency:0	score:1	aggr:[[1.0, 0.0, 0.0, 0.0, 0.0, 0.5943333333333333, 0.09433333333333332, 0.09433333333333332], [1.0, 0.0, 0.0, 0.0, 0.0, 0.283, 0.283, 0.283], [1.0, 0.0, 0.0, 0.0, 0.0, 0.283, 0.283, 0.283], [1.0, 0.0, 0.0, 0.0, 0.0, 0.283, 0.283, 0.283], [1.0, 0.0, 0.0, 0.0, 0.0, 0.5943333333333333, 0.09433333333333332, 0.09433333333333332], [1.0, 0.0, 0.0, 0.0, 0.0, 0.283, 0.283, 0.283], [1.0, 0.0, 0.0, 0.0, 0.0, 0.283, 0.283, 0.283], [1.0, 0.0, 0.0, 0.0, 0.0, 0.283, 0.283, 0.283]]	
('1582533', '9417143', '16636418', '42417629,3749027')	rank:10	pos:5	terms:2	frequency:0	score:1	aggr:[[1.0, 0.0, 0.0, 0.0, 0.0, 0.2415, 0.1415, 0.1415], [1.0, 0.0, 0.0, 0.0, 0.0, 0.283, 0.283, 0.283], [1.0, 0.0, 0.0, 0.0, 0.0, 0.283, 0.283, 0.283], [1.0, 0.0, 0.0, 0.0, 0.0, 0.283, 0.283, 0.283], [1.0, 0.0, 0.0, 0.0, 0.0, 0.2415, 0.1415, 0.1415], [1.0, 0.0, 0.0, 0.0, 0.0, 0.283, 0.283, 0.283], [1.0, 0.0, 0.0, 0.0, 0.0, 0.283, 0.283, 0.283], [1.0, 0.0, 0.0, 0.0, 0.0, 0.283, 0.283, 0.283]]	
('1582533', '9417143', '19930597', '63415759,4843552')	rank:1	pos:6	terms:3	frequency:0	score:2	aggr:[[1.0, 0.0, 0.0, 0.0, 0.0, 0.23548888888888891, 0.0566, 0.0566], [1.0, 0.0, 0.0, 0.0, 0.0, 0.19705555555555554, 0.1415, 0.1415], [1.0, 0.0, 0.0, 0.0, 0.0, 0.283, 0.283, 0.283], [1.0, 0.0, 0.0, 0.0, 0.0, 0.283, 0.283, 0.283], [1.0, 0.0, 0.0, 0.0, 0.0, 0.23548888888888891, 0.0566, 0.0566], [1.0, 0.0, 0.0, 0.0, 0.0, 0.19705555555555554, 0.1415, 0.1415], [1.0, 0.0, 0.0, 0.0, 0.0, 0.283, 0.283, 0.283], [1.0, 0.0, 0.0, 0.0, 0.0, 0.283, 0.283, 0.283]]	
('1582533', '9417143', '19930597', '2828625,399351')	rank:2	pos:6	terms:3	frequency:0	score:4	aggr:[[1.0, 0.0, 0.0, 0.0, 0.0, 0.37870168067226884, 0.008323529411764705, 0.008323529411764705], [1.0, 0.0, 0.0, 0.0, 0.0, 0.283, 0.283, 0.283], [1.0, 0.0, 0.0, 0.0, 0.0, 0.283, 0.283, 0.283], [1.0, 0.0, 0.0, 0.0, 0.0, 0.283, 0.283, 0.283], [1.0, 0.0, 0.0, 0.0, 0.0, 0.37870168067226884, 0.008323529411764705, 0.008323529411764705], [1.0, 0.0, 0.0, 0.0, 0.0, 0.283, 0.283, 0.283], [1.0, 0.0, 0.0, 0.0, 0.0, 0.283, 0.283, 0.283], [1.0, 0.0, 0.0, 0.0, 0.0, 0.283, 0.283, 0.283]]	
('1582533', '9417143', '19930597', '2814052,398968')	rank:3	pos:6	terms:3	frequency:0	score:4	aggr:[[1.0, 0.0, 0.0, 0.0, 0.0, 0.1836190476190476, 0.09433333333333332, 0.09433333333333332], [1.0, 0.0, 0.0, 0.0, 0.0, 0.283, 0.283, 0.283], [1.0, 0.0, 0.0, 0.0, 0.0, 0.283, 0.283, 0.283], [1.0, 0.0, 0.0, 0.0, 0.0, 0.283, 0.283, 0.283], [1.0, 0.0, 0.0, 0.0, 0.0, 0.1836190476190476, 0.09433333333333332, 0.09433333333333332], [1.0, 0.0, 0.0, 0.0, 0.0, 0.283, 0.283, 0.283], [1.0, 0.0, 0.0, 0.0, 0.0, 0.283, 0.283, 0.283], [1.0, 0.0, 0.0, 0.0, 0.0, 0.283, 0.283, 0.283]]	
('1582533', '9417143', '19930597', '26311240,2597528')	rank:4	pos:6	terms:3	frequency:0	score:2	aggr:[[0.8227513227513228, 0.07539682539682539, 0.006613756613756613, 0.015873015873015872, 0.07936507936507936, 0.2853878810783567, 0.04387920970857478, 0.07144230284706476], [1.0, 0.0, 0.0, 0.0, 0.0, 0.283, 0.283, 0.283], [1.0, 0.0, 0.0, 0.0, 0.0, 0.283, 0.283, 0.283], [1.0, 0.0, 0.0, 0.0, 0.0, 0.283, 0.283, 0.283], [0.8227513227513228, 0.07539682539682539, 0.006613756613756613, 0.015873015873015872, 0.07936507936507936, 0.2853878810783567, 0.04387920970857478, 0.07144230284706476], [1.0, 0.0, 0.0, 0.0, 0.0, 0.283, 0.283, 0.283], [1.0, 0.0, 0.0, 0.0, 0.0, 0.283, 0.283, 0.283], [1.0, 0.0, 0.0, 0.0, 0.0, 0.283, 0.283, 0.283]]	
('1582533', '9417143', '19930597', '4060287,533696')	rank:5	pos:6	terms:3	frequency:0	score:5	aggr:[[1.0, 0.0, 0.0, 0.0, 0.0, 0.1836190476190476, 0.09433333333333332, 0.09433333333333332], [1.0, 0.0, 0.0, 0.0, 0.0, 0.1836190476190476, 0.09433333333333332, 0.09433333333333332], [1.0, 0.0, 0.0, 0.0, 0.0, 0.283, 0.283, 0.283], [1.0, 0.0, 0.0, 0.0, 0.0, 0.283, 0.283, 0.283], [1.0, 0.0, 0.0, 0.0, 0.0, 0.1836190476190476, 0.09433333333333332, 0.09433333333333332], [1.0, 0.0, 0.0, 0.0, 0.0, 0.1836190476190476, 0.09433333333333332, 0.09433333333333332], [1.0, 0.0, 0.0, 0.0, 0.0, 0.283, 0.283, 0.283], [1.0, 0.0, 0.0, 0.0, 0.0, 0.283, 0.283, 0.283]]	
('1582533', '9417143', '19930597', '29467986,2863926')	rank:6	pos:6	terms:3	frequency:0	score:1	aggr:[[0.7727272727272727, 0.09090909090909091, 0.045454545454545456, 0.0, 0.09090909090909091, 0.4314783549783549, 0.10377272727272727, 0.11892424242424243], [1.0, 0.0, 0.0, 0.0, 0.0, 0.283, 0.283, 0.283], [1.0, 0.0, 0.0, 0.0, 0.0, 0.283, 0.283, 0.283], [1.0, 0.0, 0.0, 0.0, 0.0, 0.283, 0.283, 0.283], [0.7727272727272727, 0.09090909090909091, 0.045454545454545456, 0.0, 0.09090909090909091, 0.4314783549783549, 0.10377272727272727, 0.11892424242424243], [1.0, 0.0, 0.0, 0.0, 0.0, 0.283, 0.283, 0.283], [1.0, 0.0, 0.0, 0.0, 0.0, 0.283, 0.283, 0.283], [1.0, 0.0, 0.0, 0.0, 0.0, 0.283, 0.283, 0.283]]	
('1582533', '9417143', '19930597', '58139466,4574394')	rank:7	pos:6	terms:3	frequency:0	score:1	aggr:[[0.5, 0.25, 0.0, 0.0, 0.25, 0.235375, 0.222875, 0.18120833333333333], [1.0, 0.0, 0.0, 0.0, 0.0, 0.283, 0.283, 0.283], [1.0, 0.0, 0.0, 0.0, 0.0, 0.283, 0.283, 0.283], [1.0, 0.0, 0.0, 0.0, 0.0, 0.283, 0.283, 0.283], [0.5, 0.25, 0.0, 0.0, 0.25, 0.235375, 0.222875, 0.18120833333333333], [1.0, 0.0, 0.0, 0.0, 0.0, 0.283, 0.283, 0.283], [1.0, 0.0, 0.0, 0.0, 0.0, 0.283, 0.283, 0.283], [1.0, 0.0, 0.0, 0.0, 0.0, 0.283, 0.283, 0.283]]	
('1582533', '9417143', '19930597', '41730951,3707905')	rank:8	pos:6	terms:3	frequency:0	score:1	aggr:[[0.5, 0.5, 0.0, 0.0, 0.0, 0.1415, 0.6415, 0.1415], [1.0, 0.0, 0.0, 0.0, 0.0, 0.283, 0.283, 0.283], [1.0, 0.0, 0.0, 0.0, 0.0, 0.283, 0.283, 0.283], [1.0, 0.0, 0.0, 0.0, 0.0, 0.283, 0.283, 0.283], [0.5, 0.5, 0.0, 0.0, 0.0, 0.1415, 0.6415, 0.1415], [1.0, 0.0, 0.0, 0.0, 0.0, 0.283, 0.283, 0.283], [1.0, 0.0, 0.0, 0.0, 0.0, 0.283, 0.283, 0.283], [1.0, 0.0, 0.0, 0.0, 0.0, 0.283, 0.283, 0.283]]	
('1582533', '9417143', '19930597', '61790872,4752188')	rank:9	pos:6	terms:3	frequency:0	score:1	aggr:[[1.0, 0.0, 0.0, 0.0, 0.0, 0.283, 0.283, 0.283], [1.0, 0.0, 0.0, 0.0, 0.0, 0.283, 0.283, 0.283], [1.0, 0.0, 0.0, 0.0, 0.0, 0.283, 0.283, 0.283], [1.0, 0.0, 0.0, 0.0, 0.0, 0.283, 0.283, 0.283], [1.0, 0.0, 0.0, 0.0, 0.0, 0.283, 0.283, 0.283], [1.0, 0.0, 0.0, 0.0, 0.0, 0.283, 0.283, 0.283], [1.0, 0.0, 0.0, 0.0, 0.0, 0.283, 0.283, 0.283], [1.0, 0.0, 0.0, 0.0, 0.0, 0.283, 0.283, 0.283]]	
('1582533', '9417143', '19930597', '66599343,5022906')	rank:10	pos:6	terms:3	frequency:0	score:1	aggr:[[1.0, 0.0, 0.0, 0.0, 0.0, 0.17898941798941795, 0.09433333333333332, 0.09433333333333332], [1.0, 0.0, 0.0, 0.0, 0.0, 0.283, 0.283, 0.283], [1.0, 0.0, 0.0, 0.0, 0.0, 0.283, 0.283, 0.283], [1.0, 0.0, 0.0, 0.0, 0.0, 0.283, 0.283, 0.283], [1.0, 0.0, 0.0, 0.0, 0.0, 0.17898941798941795, 0.09433333333333332, 0.09433333333333332], [1.0, 0.0, 0.0, 0.0, 0.0, 0.283, 0.283, 0.283], [1.0, 0.0, 0.0, 0.0, 0.0, 0.283, 0.283, 0.283], [1.0, 0.0, 0.0, 0.0, 0.0, 0.283, 0.283, 0.283]]	
('1582533', '9417144', '5090028', '37216570,3442758')	rank:1	pos:1	terms:2	frequency:1	score:2	aggr:[[0.8181818181818182, 0.07272727272727272, 0.01818181818181818, 0.0, 0.09090909090909091, 0.145621645021645, 0.037569696969696975, 0.08393333333333333], [0.42857142857142855, 0.2857142857142857, 0.14285714285714285, 0.0, 0.14285714285714285, 0.0928095238095238, 0.23090476190476192, 0.2547142857142857], [0.5, 0.0, 0.5, 0.0, 0.0, 0.1415, 0.1415, 0.6415], [0.5, 0.0, 0.5, 0.0, 0.0, 0.1415, 0.1415, 0.6415], [0.8181818181818182, 0.07272727272727272, 0.01818181818181818, 0.0, 0.09090909090909091, 0.145621645021645, 0.037569696969696975, 0.08393333333333333], [0.42857142857142855, 0.2857142857142857, 0.14285714285714285, 0.0, 0.14285714285714285, 0.0928095238095238, 0.23090476190476192, 0.2547142857142857], [0.5, 0.0, 0.5, 0.0, 0.0, 0.1415, 0.1415, 0.6415], [0.5, 0.0, 0.5, 0.0, 0.0, 0.1415, 0.1415, 0.6415]]	
('1582533', '9417144', '5090028', '40282688,3606317')	rank:2	pos:1	terms:2	frequency:1	score:2	aggr:[[0.75, 0.0, 0.0, 0.0, 0.25, 0.16449999999999998, 0.07075, 0.19574999999999998], [0.75, 0.0, 0.0, 0.0, 0.25, 0.16449999999999998, 0.07075, 0.19574999999999998], [0.5, 0.0, 0.0, 0.0, 0.5, 0.1415, 0.1415, 0.39149999999999996], [0.5, 0.0, 0.0, 0.0, 0.5, 0.1415, 0.1415, 0.39149999999999996], [0.75, 0.0, 0.0, 0.0, 0.25, 0.16449999999999998, 0.07075, 0.19574999999999998], [0.75, 0.0, 0.0, 0.0, 0.25, 0.16449999999999998, 0.07075, 0.19574999999999998], [0.5, 0.0, 0.0, 0.0, 0.5, 0.1415, 0.1415, 0.39149999999999996], [0.5, 0.0, 0.0, 0.0, 0.5, 0.1415, 0.1415, 0.39149999999999996]]	
('1582533', '9417144', '5090028', '40266487,3606039')	rank:3	pos:1	terms:2	frequency:1	score:2	aggr:[[0.7272727272727273, 0.09090909090909091, 0.0, 0.09090909090909091, 0.09090909090909091, 0.2215425685425685, 0.048454545454545445, 0.14693939393939393], [0.5, 0.16666666666666666, 0.0, 0.16666666666666666, 0.16666666666666666, 0.2416111111111111, 0.08883333333333332, 0.26938888888888884], [0.5, 0.0, 0.0, 0.0, 0.5, 0.1415, 0.1415, 0.30816666666666664], [0.5, 0.0, 0.0, 0.0, 0.5, 0.1415, 0.1415, 0.30816666666666664], [0.7272727272727273, 0.09090909090909091, 0.0, 0.09090909090909091, 0.09090909090909091, 0.2215425685425685, 0.048454545454545445, 0.14693939393939393], [0.5, 0.16666666666666666, 0.0, 0.16666666666666666, 0.16666666666666666, 0.2416111111111111, 0.08883333333333332, 0.26938888888888884], [0.5, 0.0, 0.0, 0.0, 0.5, 0.1415, 0.1415, 0.30816666666666664], [0.5, 0.0, 0.0, 0.0, 0.5, 0.1415, 0.1415, 0.30816666666666664]]	
('1582533', '9417144', '5090028', '29342236,2863531')	rank:4	pos:1	terms:2	frequency:1	score:2	aggr:[[0.8333333333333334, 0.08333333333333333, 0.0, 0.08333333333333333, 0.0, 0.21061772486772487, 0.030888888888888886, 0.063875], [0.6666666666666666, 0.0, 0.0, 0.3333333333333333, 0.0, 0.13599999999999998, 0.09433333333333332, 0.17766666666666664], [0.5, 0.0, 0.0, 0.5, 0.0, 0.1415, 0.1415, 0.26649999999999996], [0.5, 0.0, 0.0, 0.5, 0.0, 0.1415, 0.1415, 0.26649999999999996], [0.8333333333333334, 0.08333333333333333, 0.0, 0.08333333333333333, 0.0, 0.21061772486772487, 0.030888888888888886, 0.063875], [0.6666666666666666, 0.0, 0.0, 0.3333333333333333, 0.0, 0.13599999999999998, 0.09433333333333332, 0.17766666666666664], [0.5, 0.0, 0.0, 0.5, 0.0, 0.1415, 0.1415, 0.26649999999999996], [0.5, 0.0, 0.0, 0.5, 0.0, 0.1415, 0.1415, 0.26649999999999996]]	
('1582533', '9417144', '5090028', '41768780,3709866')	rank:5	pos:1	terms:2	frequency:1	score:2	aggr:[[0.9090909090909091, 0.022727272727272728, 0.0, 0.0, 0.06818181818181818, 0.17734632034632034, 0.010219696969696969, 0.032], [0.8, 0.0, 0.0, 0.0, 0.2, 0.2188222222222222, 0.0566, 0.1566], [1.0, 0.0, 0.0, 0.0, 0.0, 0.2415, 0.1415, 0.1415], [1.0, 0.0, 0.0, 0.0, 0.0, 0.2415, 0.1415, 0.1415], [0.9090909090909091, 0.022727272727272728, 0.0, 0.0, 0.06818181818181818, 0.17734632034632034, 0.010219696969696969, 0.032], [0.8, 0.0, 0.0, 0.0, 0.2, 0.2188222222222222, 0.0566, 0.1566], [1.0, 0.0, 0.0, 0.0, 0.0, 0.2415, 0.1415, 0.1415], [1.0, 0.0, 0.0, 0.0, 0.0, 0.2415, 0.1415, 0.1415]]	
('1582533', '9417144', '5090028', '22971956,2312697')	rank:6	pos:1	terms:2	frequency:1	score:2	aggr:[[0.8974358974358975, 0.05128205128205128, 0.02564102564102564, 0.0, 0.02564102564102564, 0.2428070818070817, 0.021485347985347982, 0.033664835164835163], [1.0, 0.0, 0.0, 0.0, 0.0, 0.17313095238095239, 0.07075, 0.07075], [1.0, 0.0, 0.0, 0.0, 0.0, 0.22483333333333333, 0.1415, 0.1415], [1.0, 0.0, 0.0, 0.0, 0.0, 0.22483333333333333, 0.1415, 0.1415], [0.8974358974358975, 0.05128205128205128, 0.02564102564102564, 0.0, 0.02564102564102564, 0.2428070818070817, 0.021485347985347982, 0.033664835164835163], [1.0, 0.0, 0.0, 0.0, 0.0, 0.17313095238095239, 0.07075, 0.07075], [1.0, 0.0, 0.0, 0.0, 0.0, 0.22483333333333333, 0.1415, 0.1415], [1.0, 0.0, 0.0, 0.0, 0.0, 0.22483333333333333, 0.1415, 0.1415]]	
('1582533', '9417144', '5090028', '50429801,4216898')	rank:7	pos:1	terms:2	frequency:1	score:5	aggr:[[0.8571428571428571, 0.07142857142857142, 0.0, 0.0, 0.07142857142857142, 0.3044948979591836, 0.08153571428571428, 0.06367857142857143], [0.6666666666666666, 0.3333333333333333, 0.0, 0.0, 0.0, 0.2793095238095238, 0.3805, 0.04716666666666666], [1.0, 0.0, 0.0, 0.0, 0.0, 0.2129285714285714, 0.1415, 0.1415], [1.0, 0.0, 0.0, 0.0, 0.0, 0.2129285714285714, 0.1415, 0.1415], [0.8571428571428571, 0.07142857142857142, 0.0, 0.0, 0.07142857142857142, 0.3044948979591836, 0.08153571428571428, 0.06367857142857143], [0.6666666666666666, 0.3333333333333333, 0.0, 0.0, 0.0, 0.2793095238095238, 0.3805, 0.04716666666666666], [1.0, 0.0, 0.0, 0.0, 0.0, 0.2129285714285714, 0.1415, 0.1415], [1.0, 0.0, 0.0, 0.0, 0.0, 0.2129285714285714, 0.1415, 0.1415]]	
('1582533', '9417144', '5090028', '1008361,152512')	rank:8	pos:1	terms:2	frequency:1	score:1	aggr:[[0.9375, 0.0, 0.0, 0.0, 0.0625, 0.1635704365079365, 0.0176875, 0.028104166666666666], [1.0, 0.0, 0.0, 0.0, 0.0, 0.204, 0.1415, 0.1415], [1.0, 0.0, 0.0, 0.0, 0.0, 0.204, 0.1415, 0.1415], [1.0, 0.0, 0.0, 0.0, 0.0, 0.204, 0.1415, 0.1415], [0.9375, 0.0, 0.0, 0.0, 0.0625, 0.1635704365079365, 0.0176875, 0.028104166666666666], [1.0, 0.0, 0.0, 0.0, 0.0, 0.204, 0.1415, 0.1415], [1.0, 0.0, 0.0, 0.0, 0.0, 0.204, 0.1415, 0.1415], [1.0, 0.0, 0.0, 0.0, 0.0, 0.204, 0.1415, 0.1415]]	
('1582533', '9417144', '5090028', '63372030,4843230')	rank:9	pos:1	terms:2	frequency:1	score:1	aggr:[[0.9, 0.0, 0.1, 0.0, 0.0, 0.1520666666666667, 0.01415, 0.028733333333333333], [1.0, 0.0, 0.0, 0.0, 0.0, 0.19705555555555554, 0.1415, 0.1415], [1.0, 0.0, 0.0, 0.0, 0.0, 0.19705555555555554, 0.1415, 0.1415], [1.0, 0.0, 0.0, 0.0, 0.0, 0.19705555555555554, 0.1415, 0.1415], [0.9, 0.0, 0.1, 0.0, 0.0, 0.1520666666666667, 0.01415, 0.028733333333333333], [1.0, 0.0, 0.0, 0.0, 0.0, 0.19705555555555554, 0.1415, 0.1415], [1.0, 0.0, 0.0, 0.0, 0.0, 0.19705555555555554, 0.1415, 0.1415], [1.0, 0.0, 0.0, 0.0, 0.0, 0.19705555555555554, 0.1415, 0.1415]]	
('1582533', '9417144', '5090028', '55231892,4432444')	rank:10	pos:1	terms:2	frequency:1	score:1	aggr:[[1.0, 0.0, 0.0, 0.0, 0.0, 0.1915, 0.1415, 0.1415], [1.0, 0.0, 0.0, 0.0, 0.0, 0.1915, 0.1415, 0.1415], [1.0, 0.0, 0.0, 0.0, 0.0, 0.1915, 0.1415, 0.1415], [1.0, 0.0, 0.0, 0.0, 0.0, 0.1915, 0.1415, 0.1415], [1.0, 0.0, 0.0, 0.0, 0.0, 0.1915, 0.1415, 0.1415], [1.0, 0.0, 0.0, 0.0, 0.0, 0.1915, 0.1415, 0.1415], [1.0, 0.0, 0.0, 0.0, 0.0, 0.1915, 0.1415, 0.1415], [1.0, 0.0, 0.0, 0.0, 0.0, 0.1915, 0.1415, 0.1415]]	
('1582533', '9417146', '2033468', '59852785,4659747')	rank:1	pos:1	terms:1	frequency:0	score:5	aggr:[[0.7142857142857143, 0.0, 0.0, 0.0, 0.2857142857142857, 0.2785238095238095, 0.040428571428571425, 0.3261428571428571], [0.3333333333333333, 0.0, 0.0, 0.0, 0.6666666666666666, 0.09433333333333332, 0.09433333333333332, 0.761], [1.0, 0.0, 0.0, 0.0, 0.0, 0.283, 0.283, 0.283], [1.0, 0.0, 0.0, 0.0, 0.0, 0.283, 0.283, 0.283], [0.7142857142857143, 0.0, 0.0, 0.0, 0.2857142857142857, 0.2785238095238095, 0.040428571428571425, 0.3261428571428571], [0.3333333333333333, 0.0, 0.0, 0.0, 0.6666666666666666, 0.09433333333333332, 0.09433333333333332, 0.761], [1.0, 0.0, 0.0, 0.0, 0.0, 0.283, 0.283, 0.283], [1.0, 0.0, 0.0, 0.0, 0.0, 0.283, 0.283, 0.283]]	
('1582533', '9417146', '2033468', '59854197,4659747')	rank:2	pos:1	terms:1	frequency:0	score:1	aggr:[[0.7142857142857143, 0.0, 0.0, 0.0, 0.2857142857142857, 0.2785238095238095, 0.040428571428571425, 0.3261428571428571], [1.0, 0.0, 0.0, 0.0, 0.0, 0.39149999999999996, 0.1415, 0.1415], [1.0, 0.0, 0.0, 0.0, 0.0, 0.283, 0.283, 0.283], [1.0, 0.0, 0.0, 0.0, 0.0, 0.283, 0.283, 0.283], [0.7142857142857143, 0.0, 0.0, 0.0, 0.2857142857142857, 0.2785238095238095, 0.040428571428571425, 0.3261428571428571], [1.0, 0.0, 0.0, 0.0, 0.0, 0.39149999999999996, 0.1415, 0.1415], [1.0, 0.0, 0.0, 0.0, 0.0, 0.283, 0.283, 0.283], [1.0, 0.0, 0.0, 0.0, 0.0, 0.283, 0.283, 0.283]]	
('1582533', '9417146', '2033468', '59853873,4659747')	rank:3	pos:1	terms:1	frequency:0	score:1	aggr:[[0.7142857142857143, 0.0, 0.0, 0.0, 0.2857142857142857, 0.2785238095238095, 0.040428571428571425, 0.3261428571428571], [1.0, 0.0, 0.0, 0.0, 0.0, 0.39149999999999996, 0.1415, 0.1415], [1.0, 0.0, 0.0, 0.0, 0.0, 0.283, 0.283, 0.283], [1.0, 0.0, 0.0, 0.0, 0.0, 0.283, 0.283, 0.283], [0.7142857142857143, 0.0, 0.0, 0.0, 0.2857142857142857, 0.2785238095238095, 0.040428571428571425, 0.3261428571428571], [1.0, 0.0, 0.0, 0.0, 0.0, 0.39149999999999996, 0.1415, 0.1415], [1.0, 0.0, 0.0, 0.0, 0.0, 0.283, 0.283, 0.283], [1.0, 0.0, 0.0, 0.0, 0.0, 0.283, 0.283, 0.283]]	
('1582533', '9417146', '2033468', '59852658,4659745')	rank:4	pos:1	terms:1	frequency:0	score:1	aggr:[[1.0, 0.0, 0.0, 0.0, 0.0, 0.26649999999999996, 0.1415, 0.1415], [1.0, 0.0, 0.0, 0.0, 0.0, 0.26649999999999996, 0.1415, 0.1415], [1.0, 0.0, 0.0, 0.0, 0.0, 0.283, 0.283, 0.283], [1.0, 0.0, 0.0, 0.0, 0.0, 0.283, 0.283, 0.283], [1.0, 0.0, 0.0, 0.0, 0.0, 0.26649999999999996, 0.1415, 0.1415], [1.0, 0.0, 0.0, 0.0, 0.0, 0.26649999999999996, 0.1415, 0.1415], [1.0, 0.0, 0.0, 0.0, 0.0, 0.283, 0.283, 0.283], [1.0, 0.0, 0.0, 0.0, 0.0, 0.283, 0.283, 0.283]]	
('1582533', '9417146', '2033468', '58366218,4586540')	rank:5	pos:1	terms:1	frequency:0	score:1	aggr:[[0.7333333333333333, 0.0, 0.0, 0.0, 0.26666666666666666, 0.25794074074074075, 0.018866666666666664, 0.21886666666666665], [1.0, 0.0, 0.0, 0.0, 0.0, 0.26099999999999995, 0.09433333333333332, 0.09433333333333332], [1.0, 0.0, 0.0, 0.0, 0.0, 0.283, 0.283, 0.283], [1.0, 0.0, 0.0, 0.0, 0.0, 0.283, 0.283, 0.283], [0.7333333333333333, 0.0, 0.0, 0.0, 0.26666666666666666, 0.25794074074074075, 0.018866666666666664, 0.21886666666666665], [1.0, 0.0, 0.0, 0.0, 0.0, 0.26099999999999995, 0.09433333333333332, 0.09433333333333332], [1.0, 0.0, 0.0, 0.0, 0.0, 0.283, 0.283, 0.283], [1.0, 0.0, 0.0, 0.0, 0.0, 0.283, 0.283, 0.283]]	
('1582533', '9417146', '2033468', '58366321,4586540')	rank:6	pos:1	terms:1	frequency:0	score:1	aggr:[[0.7333333333333333, 0.0, 0.0, 0.0, 0.26666666666666666, 0.25794074074074075, 0.018866666666666664, 0.21886666666666665], [1.0, 0.0, 0.0, 0.0, 0.0, 0.204, 0.1415, 0.1415], [1.0, 0.0, 0.0, 0.0, 0.0, 0.283, 0.283, 0.283], [1.0, 0.0, 0.0, 0.0, 0.0, 0.283, 0.283, 0.283], [0.7333333333333333, 0.0, 0.0, 0.0, 0.26666666666666666, 0.25794074074074075, 0.018866666666666664, 0.21886666666666665], [1.0, 0.0, 0.0, 0.0, 0.0, 0.204, 0.1415, 0.1415], [1.0, 0.0, 0.0, 0.0, 0.0, 0.283, 0.283, 0.283], [1.0, 0.0, 0.0, 0.0, 0.0, 0.283, 0.283, 0.283]]	
('1582533', '9417146', '2033468', '56930749,4506124')	rank:7	pos:1	terms:1	frequency:0	score:1	aggr:[[1.0, 0.0, 0.0, 0.0, 0.0, 0.2129285714285714, 0.1415, 0.1415], [1.0, 0.0, 0.0, 0.0, 0.0, 0.2129285714285714, 0.1415, 0.1415], [1.0, 0.0, 0.0, 0.0, 0.0, 0.283, 0.283, 0.283], [1.0, 0.0, 0.0, 0.0, 0.0, 0.283, 0.283, 0.283], [1.0, 0.0, 0.0, 0.0, 0.0, 0.2129285714285714, 0.1415, 0.1415], [1.0, 0.0, 0.0, 0.0, 0.0, 0.2129285714285714, 0.1415, 0.1415], [1.0, 0.0, 0.0, 0.0, 0.0, 0.283, 0.283, 0.283], [1.0, 0.0, 0.0, 0.0, 0.0, 0.283, 0.283, 0.283]]	
('1582533', '9417146', '2033468', '16970464,1770686')	rank:8	pos:1	terms:1	frequency:0	score:1	aggr:[[0.5, 0.25, 0.0, 0.25, 0.0, 0.09575, 0.19574999999999998, 0.15408333333333332], [1.0, 0.0, 0.0, 0.0, 0.0, 0.1915, 0.1415, 0.1415], [1.0, 0.0, 0.0, 0.0, 0.0, 0.283, 0.283, 0.283], [1.0, 0.0, 0.0, 0.0, 0.0, 0.283, 0.283, 0.283], [0.5, 0.25, 0.0, 0.25, 0.0, 0.09575, 0.19574999999999998, 0.15408333333333332], [1.0, 0.0, 0.0, 0.0, 0.0, 0.1915, 0.1415, 0.1415], [1.0, 0.0, 0.0, 0.0, 0.0, 0.283, 0.283, 0.283], [1.0, 0.0, 0.0, 0.0, 0.0, 0.283, 0.283, 0.283]]	
('1582533', '9417146', '2033468', '1004786,152465')	rank:9	pos:1	terms:1	frequency:0	score:1	aggr:[[1.0, 0.0, 0.0, 0.0, 0.0, 0.283, 0.283, 0.283], [1.0, 0.0, 0.0, 0.0, 0.0, 0.283, 0.283, 0.283], [1.0, 0.0, 0.0, 0.0, 0.0, 0.283, 0.283, 0.283], [1.0, 0.0, 0.0, 0.0, 0.0, 0.283, 0.283, 0.283], [1.0, 0.0, 0.0, 0.0, 0.0, 0.283, 0.283, 0.283], [1.0, 0.0, 0.0, 0.0, 0.0, 0.283, 0.283, 0.283], [1.0, 0.0, 0.0, 0.0, 0.0, 0.283, 0.283, 0.283], [1.0, 0.0, 0.0, 0.0, 0.0, 0.283, 0.283, 0.283]]	
('1582533', '9417146', '2033468', '39511199,3569000')	rank:10	pos:1	terms:1	frequency:0	score:1	aggr:[[0.896551724137931, 0.10344827586206896, 0.0, 0.0, 0.0, 0.12546743295019158, 0.07297701149425287, 0.009758620689655172], [1.0, 0.0, 0.0, 0.0, 0.0, 0.283, 0.283, 0.283], [1.0, 0.0, 0.0, 0.0, 0.0, 0.283, 0.283, 0.283], [1.0, 0.0, 0.0, 0.0, 0.0, 0.283, 0.283, 0.283], [0.896551724137931, 0.10344827586206896, 0.0, 0.0, 0.0, 0.12546743295019158, 0.07297701149425287, 0.009758620689655172], [1.0, 0.0, 0.0, 0.0, 0.0, 0.283, 0.283, 0.283], [1.0, 0.0, 0.0, 0.0, 0.0, 0.283, 0.283, 0.283], [1.0, 0.0, 0.0, 0.0, 0.0, 0.283, 0.283, 0.283]]	
