num_query:3	num_avg_terms:3.0	num_clicks6:0	num_clicks35:0	num_clicks12:2	
('1604304', '9544735', '18785087', '21484296,2211734')	rank:1	pos:2	terms:2	frequency:0	score:1	aggr:[[1.0, 0.0, 0.0, 0.0, 0.0, 0.283, 0.283, 0.283], [1.0, 0.0, 0.0, 0.0, 0.0, 0.283, 0.283, 0.283], [1.0, 0.0, 0.0, 0.0, 0.0, 0.283, 0.283, 0.283], [1.0, 0.0, 0.0, 0.0, 0.0, 0.283, 0.283, 0.283], [1.0, 0.0, 0.0, 0.0, 0.0, 0.283, 0.283, 0.283], [1.0, 0.0, 0.0, 0.0, 0.0, 0.283, 0.283, 0.283], [1.0, 0.0, 0.0, 0.0, 0.0, 0.283, 0.283, 0.283], [1.0, 0.0, 0.0, 0.0, 0.0, 0.283, 0.283, 0.283]]	
('1604304', '9544735', '18785087', '8005444,948899')	rank:2	pos:2	terms:2	frequency:0	score:1	aggr:[[1.0, 0.0, 0.0, 0.0, 0.0, 0.283, 0.283, 0.283], [1.0, 0.0, 0.0, 0.0, 0.0, 0.283, 0.283, 0.283], [1.0, 0.0, 0.0, 0.0, 0.0, 0.283, 0.283, 0.283], [1.0, 0.0, 0.0, 0.0, 0.0, 0.283, 0.283, 0.283], [1.0, 0.0, 0.0, 0.0, 0.0, 0.283, 0.283, 0.283], [1.0, 0.0, 0.0, 0.0, 0.0, 0.283, 0.283, 0.283], [1.0, 0.0, 0.0, 0.0, 0.0, 0.283, 0.283, 0.283], [1.0, 0.0, 0.0, 0.0, 0.0, 0.283, 0.283, 0.283]]	
('1604304', '9544735', '18785087', '55724241,4444353')	rank:3	pos:2	terms:2	frequency:0	score:1	aggr:[[1.0, 0.0, 0.0, 0.0, 0.0, 0.39149999999999996, 0.1415, 0.1415], [1.0, 0.0, 0.0, 0.0, 0.0, 0.283, 0.283, 0.283], [1.0, 0.0, 0.0, 0.0, 0.0, 0.283, 0.283, 0.283], [1.0, 0.0, 0.0, 0.0, 0.0, 0.283, 0.283, 0.283], [1.0, 0.0, 0.0, 0.0, 0.0, 0.39149999999999996, 0.1415, 0.1415], [1.0, 0.0, 0.0, 0.0, 0.0, 0.283, 0.283, 0.283], [1.0, 0.0, 0.0, 0.0, 0.0, 0.283, 0.283, 0.283], [1.0, 0.0, 0.0, 0.0, 0.0, 0.283, 0.283, 0.283]]	
('1604304', '9544735', '18785087', '53767757,4364472')	rank:4	pos:2	terms:2	frequency:0	score:1	aggr:[[1.0, 0.0, 0.0, 0.0, 0.0, 0.283, 0.283, 0.283], [1.0, 0.0, 0.0, 0.0, 0.0, 0.283, 0.283, 0.283], [1.0, 0.0, 0.0, 0.0, 0.0, 0.283, 0.283, 0.283], [1.0, 0.0, 0.0, 0.0, 0.0, 0.283, 0.283, 0.283], [1.0, 0.0, 0.0, 0.0, 0.0, 0.283, 0.283, 0.283], [1.0, 0.0, 0.0, 0.0, 0.0, 0.283, 0.283, 0.283], [1.0, 0.0, 0.0, 0.0, 0.0, 0.283, 0.283, 0.283], [1.0, 0.0, 0.0, 0.0, 0.0, 0.283, 0.283, 0.283]]	
('1604304', '9544735', '18785087', '8028114,950883')	rank:5	pos:2	terms:2	frequency:0	score:1	aggr:[[1.0, 0.0, 0.0, 0.0, 0.0, 0.283, 0.283, 0.283], [1.0, 0.0, 0.0, 0.0, 0.0, 0.283, 0.283, 0.283], [1.0, 0.0, 0.0, 0.0, 0.0, 0.283, 0.283, 0.283], [1.0, 0.0, 0.0, 0.0, 0.0, 0.283, 0.283, 0.283], [1.0, 0.0, 0.0, 0.0, 0.0, 0.283, 0.283, 0.283], [1.0, 0.0, 0.0, 0.0, 0.0, 0.283, 0.283, 0.283], [1.0, 0.0, 0.0, 0.0, 0.0, 0.283, 0.283, 0.283], [1.0, 0.0, 0.0, 0.0, 0.0, 0.283, 0.283, 0.283]]	
('1604304', '9544735', '18785087', '2326535,344410')	rank:6	pos:2	terms:2	frequency:0	score:1	aggr:[[1.0, 0.0, 0.0, 0.0, 0.0, 0.283, 0.283, 0.283], [1.0, 0.0, 0.0, 0.0, 0.0, 0.283, 0.283, 0.283], [1.0, 0.0, 0.0, 0.0, 0.0, 0.283, 0.283, 0.283], [1.0, 0.0, 0.0, 0.0, 0.0, 0.283, 0.283, 0.283], [1.0, 0.0, 0.0, 0.0, 0.0, 0.283, 0.283, 0.283], [1.0, 0.0, 0.0, 0.0, 0.0, 0.283, 0.283, 0.283], [1.0, 0.0, 0.0, 0.0, 0.0, 0.283, 0.283, 0.283], [1.0, 0.0, 0.0, 0.0, 0.0, 0.283, 0.283, 0.283]]	
('1604304', '9544735', '18785087', '24184471,2413976')	rank:7	pos:2	terms:2	frequency:0	score:1	aggr:[[1.0, 0.0, 0.0, 0.0, 0.0, 0.283, 0.283, 0.283], [1.0, 0.0, 0.0, 0.0, 0.0, 0.283, 0.283, 0.283], [1.0, 0.0, 0.0, 0.0, 0.0, 0.283, 0.283, 0.283], [1.0, 0.0, 0.0, 0.0, 0.0, 0.283, 0.283, 0.283], [1.0, 0.0, 0.0, 0.0, 0.0, 0.283, 0.283, 0.283], [1.0, 0.0, 0.0, 0.0, 0.0, 0.283, 0.283, 0.283], [1.0, 0.0, 0.0, 0.0, 0.0, 0.283, 0.283, 0.283], [1.0, 0.0, 0.0, 0.0, 0.0, 0.283, 0.283, 0.283]]	
('1604304', '9544735', '18785087', '52757617,4306905')	rank:8	pos:2	terms:2	frequency:0	score:1	aggr:[[1.0, 0.0, 0.0, 0.0, 0.0, 0.19705555555555554, 0.1415, 0.1415], [1.0, 0.0, 0.0, 0.0, 0.0, 0.283, 0.283, 0.283], [1.0, 0.0, 0.0, 0.0, 0.0, 0.283, 0.283, 0.283], [1.0, 0.0, 0.0, 0.0, 0.0, 0.283, 0.283, 0.283], [1.0, 0.0, 0.0, 0.0, 0.0, 0.19705555555555554, 0.1415, 0.1415], [1.0, 0.0, 0.0, 0.0, 0.0, 0.283, 0.283, 0.283], [1.0, 0.0, 0.0, 0.0, 0.0, 0.283, 0.283, 0.283], [1.0, 0.0, 0.0, 0.0, 0.0, 0.283, 0.283, 0.283]]	
('1604304', '9544735', '18785087', '56184200,4466866')	rank:9	pos:2	terms:2	frequency:0	score:1	aggr:[[1.0, 0.0, 0.0, 0.0, 0.0, 0.283, 0.283, 0.283], [1.0, 0.0, 0.0, 0.0, 0.0, 0.283, 0.283, 0.283], [1.0, 0.0, 0.0, 0.0, 0.0, 0.283, 0.283, 0.283], [1.0, 0.0, 0.0, 0.0, 0.0, 0.283, 0.283, 0.283], [1.0, 0.0, 0.0, 0.0, 0.0, 0.283, 0.283, 0.283], [1.0, 0.0, 0.0, 0.0, 0.0, 0.283, 0.283, 0.283], [1.0, 0.0, 0.0, 0.0, 0.0, 0.283, 0.283, 0.283], [1.0, 0.0, 0.0, 0.0, 0.0, 0.283, 0.283, 0.283]]	
('1604304', '9544735', '18785087', '5838014,763190')	rank:10	pos:2	terms:2	frequency:0	score:1	aggr:[[1.0, 0.0, 0.0, 0.0, 0.0, 0.283, 0.283, 0.283], [1.0, 0.0, 0.0, 0.0, 0.0, 0.283, 0.283, 0.283], [1.0, 0.0, 0.0, 0.0, 0.0, 0.283, 0.283, 0.283], [1.0, 0.0, 0.0, 0.0, 0.0, 0.283, 0.283, 0.283], [1.0, 0.0, 0.0, 0.0, 0.0, 0.283, 0.283, 0.283], [1.0, 0.0, 0.0, 0.0, 0.0, 0.283, 0.283, 0.283], [1.0, 0.0, 0.0, 0.0, 0.0, 0.283, 0.283, 0.283], [1.0, 0.0, 0.0, 0.0, 0.0, 0.283, 0.283, 0.283]]	
('1604304', '9544735', '7662418', '34668287,3279130')	rank:1	pos:3	terms:3	frequency:0	score:1	aggr:[[0.7880184331797235, 0.04608294930875576, 0.018433179723502304, 0.013824884792626729, 0.1336405529953917, 0.24073067076292906, 0.026572964669738863, 0.14757910906298], [1.0, 0.0, 0.0, 0.0, 0.0, 0.283, 0.283, 0.283], [1.0, 0.0, 0.0, 0.0, 0.0, 0.283, 0.283, 0.283], [1.0, 0.0, 0.0, 0.0, 0.0, 0.283, 0.283, 0.283], [0.7880184331797235, 0.04608294930875576, 0.018433179723502304, 0.013824884792626729, 0.1336405529953917, 0.24073067076292906, 0.026572964669738863, 0.14757910906298], [1.0, 0.0, 0.0, 0.0, 0.0, 0.283, 0.283, 0.283], [1.0, 0.0, 0.0, 0.0, 0.0, 0.283, 0.283, 0.283], [1.0, 0.0, 0.0, 0.0, 0.0, 0.283, 0.283, 0.283]]	
('1604304', '9544735', '7662418', '48245719,4078097')	rank:2	pos:3	terms:3	frequency:0	score:1	aggr:[[1.0, 0.0, 0.0, 0.0, 0.0, 0.283, 0.283, 0.283], [1.0, 0.0, 0.0, 0.0, 0.0, 0.283, 0.283, 0.283], [1.0, 0.0, 0.0, 0.0, 0.0, 0.283, 0.283, 0.283], [1.0, 0.0, 0.0, 0.0, 0.0, 0.283, 0.283, 0.283], [1.0, 0.0, 0.0, 0.0, 0.0, 0.283, 0.283, 0.283], [1.0, 0.0, 0.0, 0.0, 0.0, 0.283, 0.283, 0.283], [1.0, 0.0, 0.0, 0.0, 0.0, 0.283, 0.283, 0.283], [1.0, 0.0, 0.0, 0.0, 0.0, 0.283, 0.283, 0.283]]	
('1604304', '9544735', '7662418', '63955681,4869063')	rank:3	pos:3	terms:3	frequency:0	score:1	aggr:[[1.0, 0.0, 0.0, 0.0, 0.0, 0.15783219954648525, 0.040428571428571425, 0.040428571428571425], [1.0, 0.0, 0.0, 0.0, 0.0, 0.283, 0.283, 0.283], [1.0, 0.0, 0.0, 0.0, 0.0, 0.283, 0.283, 0.283], [1.0, 0.0, 0.0, 0.0, 0.0, 0.283, 0.283, 0.283], [1.0, 0.0, 0.0, 0.0, 0.0, 0.15783219954648525, 0.040428571428571425, 0.040428571428571425], [1.0, 0.0, 0.0, 0.0, 0.0, 0.283, 0.283, 0.283], [1.0, 0.0, 0.0, 0.0, 0.0, 0.283, 0.283, 0.283], [1.0, 0.0, 0.0, 0.0, 0.0, 0.283, 0.283, 0.283]]	
('1604304', '9544735', '7662418', '23204963,2334877')	rank:4	pos:3	terms:3	frequency:0	score:1	aggr:[[1.0, 0.0, 0.0, 0.0, 0.0, 0.283, 0.283, 0.283], [1.0, 0.0, 0.0, 0.0, 0.0, 0.283, 0.283, 0.283], [1.0, 0.0, 0.0, 0.0, 0.0, 0.283, 0.283, 0.283], [1.0, 0.0, 0.0, 0.0, 0.0, 0.283, 0.283, 0.283], [1.0, 0.0, 0.0, 0.0, 0.0, 0.283, 0.283, 0.283], [1.0, 0.0, 0.0, 0.0, 0.0, 0.283, 0.283, 0.283], [1.0, 0.0, 0.0, 0.0, 0.0, 0.283, 0.283, 0.283], [1.0, 0.0, 0.0, 0.0, 0.0, 0.283, 0.283, 0.283]]	
('1604304', '9544735', '7662418', '2203636,327296')	rank:5	pos:3	terms:3	frequency:0	score:1	aggr:[[1.0, 0.0, 0.0, 0.0, 0.0, 0.2129285714285714, 0.1415, 0.1415], [1.0, 0.0, 0.0, 0.0, 0.0, 0.283, 0.283, 0.283], [1.0, 0.0, 0.0, 0.0, 0.0, 0.283, 0.283, 0.283], [1.0, 0.0, 0.0, 0.0, 0.0, 0.283, 0.283, 0.283], [1.0, 0.0, 0.0, 0.0, 0.0, 0.2129285714285714, 0.1415, 0.1415], [1.0, 0.0, 0.0, 0.0, 0.0, 0.283, 0.283, 0.283], [1.0, 0.0, 0.0, 0.0, 0.0, 0.283, 0.283, 0.283], [1.0, 0.0, 0.0, 0.0, 0.0, 0.283, 0.283, 0.283]]	
('1604304', '9544735', '7662418', '25340408,2527589')	rank:6	pos:3	terms:3	frequency:0	score:1	aggr:[[1.0, 0.0, 0.0, 0.0, 0.0, 0.283, 0.283, 0.283], [1.0, 0.0, 0.0, 0.0, 0.0, 0.283, 0.283, 0.283], [1.0, 0.0, 0.0, 0.0, 0.0, 0.283, 0.283, 0.283], [1.0, 0.0, 0.0, 0.0, 0.0, 0.283, 0.283, 0.283], [1.0, 0.0, 0.0, 0.0, 0.0, 0.283, 0.283, 0.283], [1.0, 0.0, 0.0, 0.0, 0.0, 0.283, 0.283, 0.283], [1.0, 0.0, 0.0, 0.0, 0.0, 0.283, 0.283, 0.283], [1.0, 0.0, 0.0, 0.0, 0.0, 0.283, 0.283, 0.283]]	
('1604304', '9544735', '7662418', '22242927,2254454')	rank:7	pos:3	terms:3	frequency:0	score:1	aggr:[[0.813953488372093, 0.06976744186046512, 0.0, 0.03488372093023256, 0.08139534883720931, 0.16539387227759306, 0.04592635658914729, 0.042922480620155044], [1.0, 0.0, 0.0, 0.0, 0.0, 0.283, 0.283, 0.283], [1.0, 0.0, 0.0, 0.0, 0.0, 0.283, 0.283, 0.283], [1.0, 0.0, 0.0, 0.0, 0.0, 0.283, 0.283, 0.283], [0.813953488372093, 0.06976744186046512, 0.0, 0.03488372093023256, 0.08139534883720931, 0.16539387227759306, 0.04592635658914729, 0.042922480620155044], [1.0, 0.0, 0.0, 0.0, 0.0, 0.283, 0.283, 0.283], [1.0, 0.0, 0.0, 0.0, 0.0, 0.283, 0.283, 0.283], [1.0, 0.0, 0.0, 0.0, 0.0, 0.283, 0.283, 0.283]]	
('1604304', '9544735', '7662418', '48433390,4093940')	rank:8	pos:3	terms:3	frequency:0	score:1	aggr:[[1.0, 0.0, 0.0, 0.0, 0.0, 0.283, 0.283, 0.283], [1.0, 0.0, 0.0, 0.0, 0.0, 0.283, 0.283, 0.283], [1.0, 0.0, 0.0, 0.0, 0.0, 0.283, 0.283, 0.283], [1.0, 0.0, 0.0, 0.0, 0.0, 0.283, 0.283, 0.283], [1.0, 0.0, 0.0, 0.0, 0.0, 0.283, 0.283, 0.283], [1.0, 0.0, 0.0, 0.0, 0.0, 0.283, 0.283, 0.283], [1.0, 0.0, 0.0, 0.0, 0.0, 0.283, 0.283, 0.283], [1.0, 0.0, 0.0, 0.0, 0.0, 0.283, 0.283, 0.283]]	
('1604304', '9544735', '7662418', '18266070,1926587')	rank:9	pos:3	terms:3	frequency:0	score:1	aggr:[[1.0, 0.0, 0.0, 0.0, 0.0, 0.283, 0.283, 0.283], [1.0, 0.0, 0.0, 0.0, 0.0, 0.283, 0.283, 0.283], [1.0, 0.0, 0.0, 0.0, 0.0, 0.283, 0.283, 0.283], [1.0, 0.0, 0.0, 0.0, 0.0, 0.283, 0.283, 0.283], [1.0, 0.0, 0.0, 0.0, 0.0, 0.283, 0.283, 0.283], [1.0, 0.0, 0.0, 0.0, 0.0, 0.283, 0.283, 0.283], [1.0, 0.0, 0.0, 0.0, 0.0, 0.283, 0.283, 0.283], [1.0, 0.0, 0.0, 0.0, 0.0, 0.283, 0.283, 0.283]]	
('1604304', '9544735', '7662418', '29903535,2902496')	rank:10	pos:3	terms:3	frequency:0	score:1	aggr:[[1.0, 0.0, 0.0, 0.0, 0.0, 0.283, 0.283, 0.283], [1.0, 0.0, 0.0, 0.0, 0.0, 0.283, 0.283, 0.283], [1.0, 0.0, 0.0, 0.0, 0.0, 0.283, 0.283, 0.283], [1.0, 0.0, 0.0, 0.0, 0.0, 0.283, 0.283, 0.283], [1.0, 0.0, 0.0, 0.0, 0.0, 0.283, 0.283, 0.283], [1.0, 0.0, 0.0, 0.0, 0.0, 0.283, 0.283, 0.283], [1.0, 0.0, 0.0, 0.0, 0.0, 0.283, 0.283, 0.283], [1.0, 0.0, 0.0, 0.0, 0.0, 0.283, 0.283, 0.283]]	
('1604304', '9544735', '7662419', '49106438,4133850')	rank:1	pos:4	terms:5	frequency:0	score:2	aggr:[[0.75, 0.25, 0.0, 0.0, 0.0, 0.13424206349206347, 0.32075, 0.07075], [1.0, 0.0, 0.0, 0.0, 0.0, 0.283, 0.283, 0.283], [1.0, 0.0, 0.0, 0.0, 0.0, 0.283, 0.283, 0.283], [1.0, 0.0, 0.0, 0.0, 0.0, 0.283, 0.283, 0.283], [0.75, 0.25, 0.0, 0.0, 0.0, 0.13424206349206347, 0.32075, 0.07075], [1.0, 0.0, 0.0, 0.0, 0.0, 0.283, 0.283, 0.283], [1.0, 0.0, 0.0, 0.0, 0.0, 0.283, 0.283, 0.283], [1.0, 0.0, 0.0, 0.0, 0.0, 0.283, 0.283, 0.283]]	
('1604304', '9544735', '7662419', '39251952,3560418')	rank:2	pos:4	terms:5	frequency:0	score:5	aggr:[[0.5, 0.0, 0.0, 0.0, 0.5, 0.1415, 0.1415, 0.39149999999999996], [1.0, 0.0, 0.0, 0.0, 0.0, 0.283, 0.283, 0.283], [1.0, 0.0, 0.0, 0.0, 0.0, 0.283, 0.283, 0.283], [1.0, 0.0, 0.0, 0.0, 0.0, 0.283, 0.283, 0.283], [0.5, 0.0, 0.0, 0.0, 0.5, 0.1415, 0.1415, 0.39149999999999996], [1.0, 0.0, 0.0, 0.0, 0.0, 0.283, 0.283, 0.283], [1.0, 0.0, 0.0, 0.0, 0.0, 0.283, 0.283, 0.283], [1.0, 0.0, 0.0, 0.0, 0.0, 0.283, 0.283, 0.283]]	
('1604304', '9544735', '7662419', '22048736,2254454')	rank:3	pos:4	terms:5	frequency:0	score:1	aggr:[[0.813953488372093, 0.06976744186046512, 0.0, 0.03488372093023256, 0.08139534883720931, 0.16539387227759306, 0.04592635658914729, 0.042922480620155044], [1.0, 0.0, 0.0, 0.0, 0.0, 0.283, 0.283, 0.283], [1.0, 0.0, 0.0, 0.0, 0.0, 0.283, 0.283, 0.283], [1.0, 0.0, 0.0, 0.0, 0.0, 0.283, 0.283, 0.283], [0.813953488372093, 0.06976744186046512, 0.0, 0.03488372093023256, 0.08139534883720931, 0.16539387227759306, 0.04592635658914729, 0.042922480620155044], [1.0, 0.0, 0.0, 0.0, 0.0, 0.283, 0.283, 0.283], [1.0, 0.0, 0.0, 0.0, 0.0, 0.283, 0.283, 0.283], [1.0, 0.0, 0.0, 0.0, 0.0, 0.283, 0.283, 0.283]]	
('1604304', '9544735', '7662419', '69627265,5150470')	rank:4	pos:4	terms:5	frequency:0	score:1	aggr:[[1.0, 0.0, 0.0, 0.0, 0.0, 0.283, 0.283, 0.283], [1.0, 0.0, 0.0, 0.0, 0.0, 0.283, 0.283, 0.283], [1.0, 0.0, 0.0, 0.0, 0.0, 0.283, 0.283, 0.283], [1.0, 0.0, 0.0, 0.0, 0.0, 0.283, 0.283, 0.283], [1.0, 0.0, 0.0, 0.0, 0.0, 0.283, 0.283, 0.283], [1.0, 0.0, 0.0, 0.0, 0.0, 0.283, 0.283, 0.283], [1.0, 0.0, 0.0, 0.0, 0.0, 0.283, 0.283, 0.283], [1.0, 0.0, 0.0, 0.0, 0.0, 0.283, 0.283, 0.283]]	
('1604304', '9544735', '7662419', '34573201,3279130')	rank:5	pos:4	terms:5	frequency:0	score:1	aggr:[[0.7880184331797235, 0.04608294930875576, 0.018433179723502304, 0.013824884792626729, 0.1336405529953917, 0.24073067076292906, 0.026572964669738863, 0.14757910906298], [1.0, 0.0, 0.0, 0.0, 0.0, 0.283, 0.283, 0.283], [1.0, 0.0, 0.0, 0.0, 0.0, 0.283, 0.283, 0.283], [1.0, 0.0, 0.0, 0.0, 0.0, 0.283, 0.283, 0.283], [0.7880184331797235, 0.04608294930875576, 0.018433179723502304, 0.013824884792626729, 0.1336405529953917, 0.24073067076292906, 0.026572964669738863, 0.14757910906298], [1.0, 0.0, 0.0, 0.0, 0.0, 0.283, 0.283, 0.283], [1.0, 0.0, 0.0, 0.0, 0.0, 0.283, 0.283, 0.283], [1.0, 0.0, 0.0, 0.0, 0.0, 0.283, 0.283, 0.283]]	
('1604304', '9544735', '7662419', '2718989,384056')	rank:6	pos:4	terms:5	frequency:0	score:1	aggr:[[1.0, 0.0, 0.0, 0.0, 0.0, 0.283, 0.283, 0.283], [1.0, 0.0, 0.0, 0.0, 0.0, 0.283, 0.283, 0.283], [1.0, 0.0, 0.0, 0.0, 0.0, 0.283, 0.283, 0.283], [1.0, 0.0, 0.0, 0.0, 0.0, 0.283, 0.283, 0.283], [1.0, 0.0, 0.0, 0.0, 0.0, 0.283, 0.283, 0.283], [1.0, 0.0, 0.0, 0.0, 0.0, 0.283, 0.283, 0.283], [1.0, 0.0, 0.0, 0.0, 0.0, 0.283, 0.283, 0.283], [1.0, 0.0, 0.0, 0.0, 0.0, 0.283, 0.283, 0.283]]	
('1604304', '9544735', '7662419', '68289379,5121069')	rank:7	pos:4	terms:5	frequency:0	score:1	aggr:[[0.8076923076923077, 0.07692307692307693, 0.0, 0.07692307692307693, 0.038461538461538464, 0.179474358974359, 0.03652564102564102, 0.07626923076923077], [1.0, 0.0, 0.0, 0.0, 0.0, 0.283, 0.283, 0.283], [1.0, 0.0, 0.0, 0.0, 0.0, 0.283, 0.283, 0.283], [1.0, 0.0, 0.0, 0.0, 0.0, 0.283, 0.283, 0.283], [0.8076923076923077, 0.07692307692307693, 0.0, 0.07692307692307693, 0.038461538461538464, 0.179474358974359, 0.03652564102564102, 0.07626923076923077], [1.0, 0.0, 0.0, 0.0, 0.0, 0.283, 0.283, 0.283], [1.0, 0.0, 0.0, 0.0, 0.0, 0.283, 0.283, 0.283], [1.0, 0.0, 0.0, 0.0, 0.0, 0.283, 0.283, 0.283]]	
('1604304', '9544735', '7662419', '68289377,5121069')	rank:8	pos:4	terms:5	frequency:0	score:1	aggr:[[0.8076923076923077, 0.07692307692307693, 0.0, 0.07692307692307693, 0.038461538461538464, 0.179474358974359, 0.03652564102564102, 0.07626923076923077], [1.0, 0.0, 0.0, 0.0, 0.0, 0.283, 0.283, 0.283], [1.0, 0.0, 0.0, 0.0, 0.0, 0.283, 0.283, 0.283], [1.0, 0.0, 0.0, 0.0, 0.0, 0.283, 0.283, 0.283], [0.8076923076923077, 0.07692307692307693, 0.0, 0.07692307692307693, 0.038461538461538464, 0.179474358974359, 0.03652564102564102, 0.07626923076923077], [1.0, 0.0, 0.0, 0.0, 0.0, 0.283, 0.283, 0.283], [1.0, 0.0, 0.0, 0.0, 0.0, 0.283, 0.283, 0.283], [1.0, 0.0, 0.0, 0.0, 0.0, 0.283, 0.283, 0.283]]	
('1604304', '9544735', '7662419', '57123343,4518653')	rank:9	pos:4	terms:5	frequency:0	score:1	aggr:[[1.0, 0.0, 0.0, 0.0, 0.0, 0.283, 0.283, 0.283], [1.0, 0.0, 0.0, 0.0, 0.0, 0.283, 0.283, 0.283], [1.0, 0.0, 0.0, 0.0, 0.0, 0.283, 0.283, 0.283], [1.0, 0.0, 0.0, 0.0, 0.0, 0.283, 0.283, 0.283], [1.0, 0.0, 0.0, 0.0, 0.0, 0.283, 0.283, 0.283], [1.0, 0.0, 0.0, 0.0, 0.0, 0.283, 0.283, 0.283], [1.0, 0.0, 0.0, 0.0, 0.0, 0.283, 0.283, 0.283], [1.0, 0.0, 0.0, 0.0, 0.0, 0.283, 0.283, 0.283]]	
('1604304', '9544735', '7662419', '8099102,961251')	rank:10	pos:4	terms:5	frequency:0	score:1	aggr:[[1.0, 0.0, 0.0, 0.0, 0.0, 0.283, 0.283, 0.283], [1.0, 0.0, 0.0, 0.0, 0.0, 0.283, 0.283, 0.283], [1.0, 0.0, 0.0, 0.0, 0.0, 0.283, 0.283, 0.283], [1.0, 0.0, 0.0, 0.0, 0.0, 0.283, 0.283, 0.283], [1.0, 0.0, 0.0, 0.0, 0.0, 0.283, 0.283, 0.283], [1.0, 0.0, 0.0, 0.0, 0.0, 0.283, 0.283, 0.283], [1.0, 0.0, 0.0, 0.0, 0.0, 0.283, 0.283, 0.283], [1.0, 0.0, 0.0, 0.0, 0.0, 0.283, 0.283, 0.283]]	
