num_query:25	num_avg_terms:3.0	num_clicks6:2	num_clicks35:6	num_clicks12:13	
('1755151', '10447534', '7012730', '41432367,3688777')	rank:1	pos:1	terms:3	frequency:0	score:4	aggr:[[0.6666666666666666, 0.16666666666666666, 0.16666666666666666, 0.0, 0.0, 0.3990185185185185, 0.10272222222222221, 0.21383333333333332], [1.0, 0.0, 0.0, 0.0, 0.0, 0.283, 0.283, 0.283], [1.0, 0.0, 0.0, 0.0, 0.0, 0.283, 0.283, 0.283], [1.0, 0.0, 0.0, 0.0, 0.0, 0.283, 0.283, 0.283], [0.6666666666666666, 0.16666666666666666, 0.16666666666666666, 0.0, 0.0, 0.3990185185185185, 0.10272222222222221, 0.21383333333333332], [1.0, 0.0, 0.0, 0.0, 0.0, 0.283, 0.283, 0.283], [1.0, 0.0, 0.0, 0.0, 0.0, 0.283, 0.283, 0.283], [1.0, 0.0, 0.0, 0.0, 0.0, 0.283, 0.283, 0.283]]	
('1755151', '10447534', '7012730', '40041858,3597767')	rank:2	pos:1	terms:3	frequency:0	score:2	aggr:[[1.0, 0.0, 0.0, 0.0, 0.0, 0.283, 0.283, 0.283], [1.0, 0.0, 0.0, 0.0, 0.0, 0.283, 0.283, 0.283], [1.0, 0.0, 0.0, 0.0, 0.0, 0.283, 0.283, 0.283], [1.0, 0.0, 0.0, 0.0, 0.0, 0.283, 0.283, 0.283], [1.0, 0.0, 0.0, 0.0, 0.0, 0.283, 0.283, 0.283], [1.0, 0.0, 0.0, 0.0, 0.0, 0.283, 0.283, 0.283], [1.0, 0.0, 0.0, 0.0, 0.0, 0.283, 0.283, 0.283], [1.0, 0.0, 0.0, 0.0, 0.0, 0.283, 0.283, 0.283]]	
('1755151', '10447534', '7012730', '35733564,3361921')	rank:3	pos:1	terms:3	frequency:0	score:2	aggr:[[0.6666666666666666, 0.16666666666666666, 0.0, 0.0, 0.16666666666666666, 0.13605555555555554, 0.13049999999999998, 0.21383333333333332], [1.0, 0.0, 0.0, 0.0, 0.0, 0.283, 0.283, 0.283], [1.0, 0.0, 0.0, 0.0, 0.0, 0.283, 0.283, 0.283], [1.0, 0.0, 0.0, 0.0, 0.0, 0.283, 0.283, 0.283], [0.6666666666666666, 0.16666666666666666, 0.0, 0.0, 0.16666666666666666, 0.13605555555555554, 0.13049999999999998, 0.21383333333333332], [1.0, 0.0, 0.0, 0.0, 0.0, 0.283, 0.283, 0.283], [1.0, 0.0, 0.0, 0.0, 0.0, 0.283, 0.283, 0.283], [1.0, 0.0, 0.0, 0.0, 0.0, 0.283, 0.283, 0.283]]	
('1755151', '10447534', '7012730', '4513295,597277')	rank:4	pos:1	terms:3	frequency:0	score:2	aggr:[[0.5, 0.0, 0.0, 0.0, 0.5, 0.1415, 0.1415, 0.39149999999999996], [1.0, 0.0, 0.0, 0.0, 0.0, 0.283, 0.283, 0.283], [1.0, 0.0, 0.0, 0.0, 0.0, 0.283, 0.283, 0.283], [1.0, 0.0, 0.0, 0.0, 0.0, 0.283, 0.283, 0.283], [0.5, 0.0, 0.0, 0.0, 0.5, 0.1415, 0.1415, 0.39149999999999996], [1.0, 0.0, 0.0, 0.0, 0.0, 0.283, 0.283, 0.283], [1.0, 0.0, 0.0, 0.0, 0.0, 0.283, 0.283, 0.283], [1.0, 0.0, 0.0, 0.0, 0.0, 0.283, 0.283, 0.283]]	
('1755151', '10447534', '7012730', '4513296,597277')	rank:5	pos:1	terms:3	frequency:0	score:5	aggr:[[0.5, 0.0, 0.0, 0.0, 0.5, 0.1415, 0.1415, 0.39149999999999996], [1.0, 0.0, 0.0, 0.0, 0.0, 0.283, 0.283, 0.283], [1.0, 0.0, 0.0, 0.0, 0.0, 0.283, 0.283, 0.283], [1.0, 0.0, 0.0, 0.0, 0.0, 0.283, 0.283, 0.283], [0.5, 0.0, 0.0, 0.0, 0.5, 0.1415, 0.1415, 0.39149999999999996], [1.0, 0.0, 0.0, 0.0, 0.0, 0.283, 0.283, 0.283], [1.0, 0.0, 0.0, 0.0, 0.0, 0.283, 0.283, 0.283], [1.0, 0.0, 0.0, 0.0, 0.0, 0.283, 0.283, 0.283]]	
('1755151', '10447534', '7012730', '46947033,3993257')	rank:6	pos:1	terms:3	frequency:0	score:1	aggr:[[0.95, 0.05, 0.0, 0.0, 0.0, 0.15885238095238097, 0.06415, 0.01415], [1.0, 0.0, 0.0, 0.0, 0.0, 0.283, 0.283, 0.283], [1.0, 0.0, 0.0, 0.0, 0.0, 0.283, 0.283, 0.283], [1.0, 0.0, 0.0, 0.0, 0.0, 0.283, 0.283, 0.283], [0.95, 0.05, 0.0, 0.0, 0.0, 0.15885238095238097, 0.06415, 0.01415], [1.0, 0.0, 0.0, 0.0, 0.0, 0.283, 0.283, 0.283], [1.0, 0.0, 0.0, 0.0, 0.0, 0.283, 0.283, 0.283], [1.0, 0.0, 0.0, 0.0, 0.0, 0.283, 0.283, 0.283]]	
('1755151', '10447534', '7012730', '26024235,2597339')	rank:7	pos:1	terms:3	frequency:0	score:1	aggr:[[1.0, 0.0, 0.0, 0.0, 0.0, 0.283, 0.283, 0.283], [1.0, 0.0, 0.0, 0.0, 0.0, 0.283, 0.283, 0.283], [1.0, 0.0, 0.0, 0.0, 0.0, 0.283, 0.283, 0.283], [1.0, 0.0, 0.0, 0.0, 0.0, 0.283, 0.283, 0.283], [1.0, 0.0, 0.0, 0.0, 0.0, 0.283, 0.283, 0.283], [1.0, 0.0, 0.0, 0.0, 0.0, 0.283, 0.283, 0.283], [1.0, 0.0, 0.0, 0.0, 0.0, 0.283, 0.283, 0.283], [1.0, 0.0, 0.0, 0.0, 0.0, 0.283, 0.283, 0.283]]	
('1755151', '10447534', '7012730', '45070725,3900846')	rank:8	pos:1	terms:3	frequency:0	score:1	aggr:[[1.0, 0.0, 0.0, 0.0, 0.0, 0.2313015873015873, 0.040428571428571425, 0.040428571428571425], [1.0, 0.0, 0.0, 0.0, 0.0, 0.283, 0.283, 0.283], [1.0, 0.0, 0.0, 0.0, 0.0, 0.283, 0.283, 0.283], [1.0, 0.0, 0.0, 0.0, 0.0, 0.283, 0.283, 0.283], [1.0, 0.0, 0.0, 0.0, 0.0, 0.2313015873015873, 0.040428571428571425, 0.040428571428571425], [1.0, 0.0, 0.0, 0.0, 0.0, 0.283, 0.283, 0.283], [1.0, 0.0, 0.0, 0.0, 0.0, 0.283, 0.283, 0.283], [1.0, 0.0, 0.0, 0.0, 0.0, 0.283, 0.283, 0.283]]	
('1755151', '10447534', '7012730', '41445809,3688822')	rank:9	pos:1	terms:3	frequency:0	score:1	aggr:[[1.0, 0.0, 0.0, 0.0, 0.0, 0.26649999999999996, 0.1415, 0.1415], [1.0, 0.0, 0.0, 0.0, 0.0, 0.283, 0.283, 0.283], [1.0, 0.0, 0.0, 0.0, 0.0, 0.283, 0.283, 0.283], [1.0, 0.0, 0.0, 0.0, 0.0, 0.283, 0.283, 0.283], [1.0, 0.0, 0.0, 0.0, 0.0, 0.26649999999999996, 0.1415, 0.1415], [1.0, 0.0, 0.0, 0.0, 0.0, 0.283, 0.283, 0.283], [1.0, 0.0, 0.0, 0.0, 0.0, 0.283, 0.283, 0.283], [1.0, 0.0, 0.0, 0.0, 0.0, 0.283, 0.283, 0.283]]	
('1755151', '10447534', '7012730', '26255454,2597528')	rank:10	pos:1	terms:3	frequency:0	score:1	aggr:[[0.8227513227513228, 0.07539682539682539, 0.006613756613756613, 0.015873015873015872, 0.07936507936507936, 0.2853878810783567, 0.04387920970857478, 0.07144230284706476], [1.0, 0.0, 0.0, 0.0, 0.0, 0.283, 0.283, 0.283], [1.0, 0.0, 0.0, 0.0, 0.0, 0.283, 0.283, 0.283], [1.0, 0.0, 0.0, 0.0, 0.0, 0.283, 0.283, 0.283], [0.8227513227513228, 0.07539682539682539, 0.006613756613756613, 0.015873015873015872, 0.07936507936507936, 0.2853878810783567, 0.04387920970857478, 0.07144230284706476], [1.0, 0.0, 0.0, 0.0, 0.0, 0.283, 0.283, 0.283], [1.0, 0.0, 0.0, 0.0, 0.0, 0.283, 0.283, 0.283], [1.0, 0.0, 0.0, 0.0, 0.0, 0.283, 0.283, 0.283]]	
('1755151', '10447535', '5035105', '8538733,1017863')	rank:1	pos:1	terms:1	frequency:0	score:5	aggr:[[0.6666666666666666, 0.0, 0.06666666666666667, 0.0, 0.26666666666666666, 0.43950158730158734, 0.018866666666666664, 0.35219999999999996], [1.0, 0.0, 0.0, 0.0, 0.0, 0.283, 0.283, 0.283], [1.0, 0.0, 0.0, 0.0, 0.0, 0.283, 0.283, 0.283], [1.0, 0.0, 0.0, 0.0, 0.0, 0.283, 0.283, 0.283], [0.6666666666666666, 0.0, 0.06666666666666667, 0.0, 0.26666666666666666, 0.43950158730158734, 0.018866666666666664, 0.35219999999999996], [1.0, 0.0, 0.0, 0.0, 0.0, 0.283, 0.283, 0.283], [1.0, 0.0, 0.0, 0.0, 0.0, 0.283, 0.283, 0.283], [1.0, 0.0, 0.0, 0.0, 0.0, 0.283, 0.283, 0.283]]	
('1755151', '10447535', '5035105', '28727860,2823943')	rank:2	pos:1	terms:1	frequency:0	score:1	aggr:[[1.0, 0.0, 0.0, 0.0, 0.0, 0.283, 0.283, 0.283], [1.0, 0.0, 0.0, 0.0, 0.0, 0.283, 0.283, 0.283], [1.0, 0.0, 0.0, 0.0, 0.0, 0.283, 0.283, 0.283], [1.0, 0.0, 0.0, 0.0, 0.0, 0.283, 0.283, 0.283], [1.0, 0.0, 0.0, 0.0, 0.0, 0.283, 0.283, 0.283], [1.0, 0.0, 0.0, 0.0, 0.0, 0.283, 0.283, 0.283], [1.0, 0.0, 0.0, 0.0, 0.0, 0.283, 0.283, 0.283], [1.0, 0.0, 0.0, 0.0, 0.0, 0.283, 0.283, 0.283]]	
('1755151', '10447535', '5035105', '27011192,2617682')	rank:3	pos:1	terms:1	frequency:0	score:1	aggr:[[0.9459459459459459, 0.05405405405405406, 0.0, 0.0, 0.0, 0.22048648648648642, 0.026567567567567566, 0.007648648648648648], [1.0, 0.0, 0.0, 0.0, 0.0, 0.283, 0.283, 0.283], [1.0, 0.0, 0.0, 0.0, 0.0, 0.283, 0.283, 0.283], [1.0, 0.0, 0.0, 0.0, 0.0, 0.283, 0.283, 0.283], [0.9459459459459459, 0.05405405405405406, 0.0, 0.0, 0.0, 0.22048648648648642, 0.026567567567567566, 0.007648648648648648], [1.0, 0.0, 0.0, 0.0, 0.0, 0.283, 0.283, 0.283], [1.0, 0.0, 0.0, 0.0, 0.0, 0.283, 0.283, 0.283], [1.0, 0.0, 0.0, 0.0, 0.0, 0.283, 0.283, 0.283]]	
('1755151', '10447535', '5035105', '70990200,5273827')	rank:4	pos:1	terms:1	frequency:0	score:1	aggr:[[1.0, 0.0, 0.0, 0.0, 0.0, 0.22483333333333333, 0.1415, 0.1415], [1.0, 0.0, 0.0, 0.0, 0.0, 0.283, 0.283, 0.283], [1.0, 0.0, 0.0, 0.0, 0.0, 0.283, 0.283, 0.283], [1.0, 0.0, 0.0, 0.0, 0.0, 0.283, 0.283, 0.283], [1.0, 0.0, 0.0, 0.0, 0.0, 0.22483333333333333, 0.1415, 0.1415], [1.0, 0.0, 0.0, 0.0, 0.0, 0.283, 0.283, 0.283], [1.0, 0.0, 0.0, 0.0, 0.0, 0.283, 0.283, 0.283], [1.0, 0.0, 0.0, 0.0, 0.0, 0.283, 0.283, 0.283]]	
('1755151', '10447535', '5035105', '62857867,4825825')	rank:5	pos:1	terms:1	frequency:0	score:1	aggr:[[1.0, 0.0, 0.0, 0.0, 0.0, 0.283, 0.283, 0.283], [1.0, 0.0, 0.0, 0.0, 0.0, 0.283, 0.283, 0.283], [1.0, 0.0, 0.0, 0.0, 0.0, 0.283, 0.283, 0.283], [1.0, 0.0, 0.0, 0.0, 0.0, 0.283, 0.283, 0.283], [1.0, 0.0, 0.0, 0.0, 0.0, 0.283, 0.283, 0.283], [1.0, 0.0, 0.0, 0.0, 0.0, 0.283, 0.283, 0.283], [1.0, 0.0, 0.0, 0.0, 0.0, 0.283, 0.283, 0.283], [1.0, 0.0, 0.0, 0.0, 0.0, 0.283, 0.283, 0.283]]	
('1755151', '10447535', '5035105', '46251916,3959905')	rank:6	pos:1	terms:1	frequency:0	score:1	aggr:[[1.0, 0.0, 0.0, 0.0, 0.0, 0.283, 0.283, 0.283], [1.0, 0.0, 0.0, 0.0, 0.0, 0.283, 0.283, 0.283], [1.0, 0.0, 0.0, 0.0, 0.0, 0.283, 0.283, 0.283], [1.0, 0.0, 0.0, 0.0, 0.0, 0.283, 0.283, 0.283], [1.0, 0.0, 0.0, 0.0, 0.0, 0.283, 0.283, 0.283], [1.0, 0.0, 0.0, 0.0, 0.0, 0.283, 0.283, 0.283], [1.0, 0.0, 0.0, 0.0, 0.0, 0.283, 0.283, 0.283], [1.0, 0.0, 0.0, 0.0, 0.0, 0.283, 0.283, 0.283]]	
('1755151', '10447535', '5035105', '24422736,2437974')	rank:7	pos:1	terms:1	frequency:0	score:1	aggr:[[1.0, 0.0, 0.0, 0.0, 0.0, 0.283, 0.283, 0.283], [1.0, 0.0, 0.0, 0.0, 0.0, 0.283, 0.283, 0.283], [1.0, 0.0, 0.0, 0.0, 0.0, 0.283, 0.283, 0.283], [1.0, 0.0, 0.0, 0.0, 0.0, 0.283, 0.283, 0.283], [1.0, 0.0, 0.0, 0.0, 0.0, 0.283, 0.283, 0.283], [1.0, 0.0, 0.0, 0.0, 0.0, 0.283, 0.283, 0.283], [1.0, 0.0, 0.0, 0.0, 0.0, 0.283, 0.283, 0.283], [1.0, 0.0, 0.0, 0.0, 0.0, 0.283, 0.283, 0.283]]	
('1755151', '10447535', '5035105', '70983006,5273608')	rank:8	pos:1	terms:1	frequency:0	score:1	aggr:[[1.0, 0.0, 0.0, 0.0, 0.0, 0.22699999999999998, 0.07075, 0.07075], [1.0, 0.0, 0.0, 0.0, 0.0, 0.283, 0.283, 0.283], [1.0, 0.0, 0.0, 0.0, 0.0, 0.283, 0.283, 0.283], [1.0, 0.0, 0.0, 0.0, 0.0, 0.283, 0.283, 0.283], [1.0, 0.0, 0.0, 0.0, 0.0, 0.22699999999999998, 0.07075, 0.07075], [1.0, 0.0, 0.0, 0.0, 0.0, 0.283, 0.283, 0.283], [1.0, 0.0, 0.0, 0.0, 0.0, 0.283, 0.283, 0.283], [1.0, 0.0, 0.0, 0.0, 0.0, 0.283, 0.283, 0.283]]	
('1755151', '10447535', '5035105', '29695752,2877506')	rank:9	pos:1	terms:1	frequency:0	score:1	aggr:[[1.0, 0.0, 0.0, 0.0, 0.0, 0.283, 0.283, 0.283], [1.0, 0.0, 0.0, 0.0, 0.0, 0.283, 0.283, 0.283], [1.0, 0.0, 0.0, 0.0, 0.0, 0.283, 0.283, 0.283], [1.0, 0.0, 0.0, 0.0, 0.0, 0.283, 0.283, 0.283], [1.0, 0.0, 0.0, 0.0, 0.0, 0.283, 0.283, 0.283], [1.0, 0.0, 0.0, 0.0, 0.0, 0.283, 0.283, 0.283], [1.0, 0.0, 0.0, 0.0, 0.0, 0.283, 0.283, 0.283], [1.0, 0.0, 0.0, 0.0, 0.0, 0.283, 0.283, 0.283]]	
('1755151', '10447535', '5035105', '62850364,4825724')	rank:10	pos:1	terms:1	frequency:0	score:1	aggr:[[1.0, 0.0, 0.0, 0.0, 0.0, 0.18975925925925927, 0.04716666666666666, 0.04716666666666666], [1.0, 0.0, 0.0, 0.0, 0.0, 0.283, 0.283, 0.283], [1.0, 0.0, 0.0, 0.0, 0.0, 0.283, 0.283, 0.283], [1.0, 0.0, 0.0, 0.0, 0.0, 0.283, 0.283, 0.283], [1.0, 0.0, 0.0, 0.0, 0.0, 0.18975925925925927, 0.04716666666666666, 0.04716666666666666], [1.0, 0.0, 0.0, 0.0, 0.0, 0.283, 0.283, 0.283], [1.0, 0.0, 0.0, 0.0, 0.0, 0.283, 0.283, 0.283], [1.0, 0.0, 0.0, 0.0, 0.0, 0.283, 0.283, 0.283]]	
('1755151', '10447536', '5316951', '13720626,1407438')	rank:1	pos:1	terms:4	frequency:0	score:5	aggr:[[0.5, 0.0, 0.0, 0.5, 0.0, 0.1415, 0.1415, 0.6415], [1.0, 0.0, 0.0, 0.0, 0.0, 0.283, 0.283, 0.283], [1.0, 0.0, 0.0, 0.0, 0.0, 0.283, 0.283, 0.283], [1.0, 0.0, 0.0, 0.0, 0.0, 0.283, 0.283, 0.283], [0.5, 0.0, 0.0, 0.5, 0.0, 0.1415, 0.1415, 0.6415], [1.0, 0.0, 0.0, 0.0, 0.0, 0.283, 0.283, 0.283], [1.0, 0.0, 0.0, 0.0, 0.0, 0.283, 0.283, 0.283], [1.0, 0.0, 0.0, 0.0, 0.0, 0.283, 0.283, 0.283]]	
('1755151', '10447536', '5316951', '13721141,1407438')	rank:2	pos:1	terms:4	frequency:0	score:5	aggr:[[0.5, 0.0, 0.0, 0.5, 0.0, 0.1415, 0.1415, 0.6415], [1.0, 0.0, 0.0, 0.0, 0.0, 0.283, 0.283, 0.283], [1.0, 0.0, 0.0, 0.0, 0.0, 0.283, 0.283, 0.283], [1.0, 0.0, 0.0, 0.0, 0.0, 0.283, 0.283, 0.283], [0.5, 0.0, 0.0, 0.5, 0.0, 0.1415, 0.1415, 0.6415], [1.0, 0.0, 0.0, 0.0, 0.0, 0.283, 0.283, 0.283], [1.0, 0.0, 0.0, 0.0, 0.0, 0.283, 0.283, 0.283], [1.0, 0.0, 0.0, 0.0, 0.0, 0.283, 0.283, 0.283]]	
('1755151', '10447536', '5316951', '13719296,1407352')	rank:3	pos:1	terms:4	frequency:0	score:1	aggr:[[0.75, 0.0, 0.0, 0.0, 0.25, 0.23146428571428568, 0.07075, 0.15408333333333332], [1.0, 0.0, 0.0, 0.0, 0.0, 0.283, 0.283, 0.283], [1.0, 0.0, 0.0, 0.0, 0.0, 0.283, 0.283, 0.283], [1.0, 0.0, 0.0, 0.0, 0.0, 0.283, 0.283, 0.283], [0.75, 0.0, 0.0, 0.0, 0.25, 0.23146428571428568, 0.07075, 0.15408333333333332], [1.0, 0.0, 0.0, 0.0, 0.0, 0.283, 0.283, 0.283], [1.0, 0.0, 0.0, 0.0, 0.0, 0.283, 0.283, 0.283], [1.0, 0.0, 0.0, 0.0, 0.0, 0.283, 0.283, 0.283]]	
('1755151', '10447536', '5316951', '52966416,4319624')	rank:4	pos:1	terms:4	frequency:0	score:1	aggr:[[1.0, 0.0, 0.0, 0.0, 0.0, 0.283, 0.283, 0.283], [1.0, 0.0, 0.0, 0.0, 0.0, 0.283, 0.283, 0.283], [1.0, 0.0, 0.0, 0.0, 0.0, 0.283, 0.283, 0.283], [1.0, 0.0, 0.0, 0.0, 0.0, 0.283, 0.283, 0.283], [1.0, 0.0, 0.0, 0.0, 0.0, 0.283, 0.283, 0.283], [1.0, 0.0, 0.0, 0.0, 0.0, 0.283, 0.283, 0.283], [1.0, 0.0, 0.0, 0.0, 0.0, 0.283, 0.283, 0.283], [1.0, 0.0, 0.0, 0.0, 0.0, 0.283, 0.283, 0.283]]	
('1755151', '10447536', '5316951', '13707217,1406593')	rank:5	pos:1	terms:4	frequency:0	score:1	aggr:[[1.0, 0.0, 0.0, 0.0, 0.0, 0.283, 0.283, 0.283], [1.0, 0.0, 0.0, 0.0, 0.0, 0.283, 0.283, 0.283], [1.0, 0.0, 0.0, 0.0, 0.0, 0.283, 0.283, 0.283], [1.0, 0.0, 0.0, 0.0, 0.0, 0.283, 0.283, 0.283], [1.0, 0.0, 0.0, 0.0, 0.0, 0.283, 0.283, 0.283], [1.0, 0.0, 0.0, 0.0, 0.0, 0.283, 0.283, 0.283], [1.0, 0.0, 0.0, 0.0, 0.0, 0.283, 0.283, 0.283], [1.0, 0.0, 0.0, 0.0, 0.0, 0.283, 0.283, 0.283]]	
('1755151', '10447536', '5316951', '5112623,662544')	rank:6	pos:1	terms:4	frequency:0	score:1	aggr:[[1.0, 0.0, 0.0, 0.0, 0.0, 0.2415, 0.1415, 0.1415], [1.0, 0.0, 0.0, 0.0, 0.0, 0.2415, 0.1415, 0.1415], [1.0, 0.0, 0.0, 0.0, 0.0, 0.283, 0.283, 0.283], [1.0, 0.0, 0.0, 0.0, 0.0, 0.283, 0.283, 0.283], [1.0, 0.0, 0.0, 0.0, 0.0, 0.2415, 0.1415, 0.1415], [1.0, 0.0, 0.0, 0.0, 0.0, 0.2415, 0.1415, 0.1415], [1.0, 0.0, 0.0, 0.0, 0.0, 0.283, 0.283, 0.283], [1.0, 0.0, 0.0, 0.0, 0.0, 0.283, 0.283, 0.283]]	
('1755151', '10447536', '5316951', '13167657,1338688')	rank:7	pos:1	terms:4	frequency:0	score:1	aggr:[[1.0, 0.0, 0.0, 0.0, 0.0, 0.283, 0.283, 0.283], [1.0, 0.0, 0.0, 0.0, 0.0, 0.283, 0.283, 0.283], [1.0, 0.0, 0.0, 0.0, 0.0, 0.283, 0.283, 0.283], [1.0, 0.0, 0.0, 0.0, 0.0, 0.283, 0.283, 0.283], [1.0, 0.0, 0.0, 0.0, 0.0, 0.283, 0.283, 0.283], [1.0, 0.0, 0.0, 0.0, 0.0, 0.283, 0.283, 0.283], [1.0, 0.0, 0.0, 0.0, 0.0, 0.283, 0.283, 0.283], [1.0, 0.0, 0.0, 0.0, 0.0, 0.283, 0.283, 0.283]]	
('1755151', '10447536', '5316951', '49371182,4148074')	rank:8	pos:1	terms:4	frequency:0	score:1	aggr:[[1.0, 0.0, 0.0, 0.0, 0.0, 0.283, 0.283, 0.283], [1.0, 0.0, 0.0, 0.0, 0.0, 0.283, 0.283, 0.283], [1.0, 0.0, 0.0, 0.0, 0.0, 0.283, 0.283, 0.283], [1.0, 0.0, 0.0, 0.0, 0.0, 0.283, 0.283, 0.283], [1.0, 0.0, 0.0, 0.0, 0.0, 0.283, 0.283, 0.283], [1.0, 0.0, 0.0, 0.0, 0.0, 0.283, 0.283, 0.283], [1.0, 0.0, 0.0, 0.0, 0.0, 0.283, 0.283, 0.283], [1.0, 0.0, 0.0, 0.0, 0.0, 0.283, 0.283, 0.283]]	
('1755151', '10447536', '5316951', '18615104,1957406')	rank:9	pos:1	terms:4	frequency:0	score:1	aggr:[[0.5, 0.0, 0.0, 0.0, 0.5, 0.1415, 0.1415, 0.39149999999999996], [0.5, 0.0, 0.0, 0.0, 0.5, 0.1415, 0.1415, 0.39149999999999996], [1.0, 0.0, 0.0, 0.0, 0.0, 0.283, 0.283, 0.283], [1.0, 0.0, 0.0, 0.0, 0.0, 0.283, 0.283, 0.283], [0.5, 0.0, 0.0, 0.0, 0.5, 0.1415, 0.1415, 0.39149999999999996], [0.5, 0.0, 0.0, 0.0, 0.5, 0.1415, 0.1415, 0.39149999999999996], [1.0, 0.0, 0.0, 0.0, 0.0, 0.283, 0.283, 0.283], [1.0, 0.0, 0.0, 0.0, 0.0, 0.283, 0.283, 0.283]]	
('1755151', '10447536', '5316951', '45972965,3945655')	rank:10	pos:1	terms:4	frequency:0	score:1	aggr:[[0.8, 0.0, 0.2, 0.0, 0.0, 0.14993333333333334, 0.0566, 0.10659999999999999], [1.0, 0.0, 0.0, 0.0, 0.0, 0.283, 0.283, 0.283], [1.0, 0.0, 0.0, 0.0, 0.0, 0.283, 0.283, 0.283], [1.0, 0.0, 0.0, 0.0, 0.0, 0.283, 0.283, 0.283], [0.8, 0.0, 0.2, 0.0, 0.0, 0.14993333333333334, 0.0566, 0.10659999999999999], [1.0, 0.0, 0.0, 0.0, 0.0, 0.283, 0.283, 0.283], [1.0, 0.0, 0.0, 0.0, 0.0, 0.283, 0.283, 0.283], [1.0, 0.0, 0.0, 0.0, 0.0, 0.283, 0.283, 0.283]]	
('1755151', '10447547', '7234373', '34067838,3277148')	rank:1	pos:1	terms:2	frequency:0	score:5	aggr:[[0.9183673469387755, 0.02040816326530612, 0.04081632653061224, 0.0, 0.02040816326530612, 0.26763977972141234, 0.026183673469387752, 0.0278843537414966], [1.0, 0.0, 0.0, 0.0, 0.0, 0.283, 0.283, 0.283], [1.0, 0.0, 0.0, 0.0, 0.0, 0.283, 0.283, 0.283], [1.0, 0.0, 0.0, 0.0, 0.0, 0.283, 0.283, 0.283], [0.9183673469387755, 0.02040816326530612, 0.04081632653061224, 0.0, 0.02040816326530612, 0.26763977972141234, 0.026183673469387752, 0.0278843537414966], [1.0, 0.0, 0.0, 0.0, 0.0, 0.283, 0.283, 0.283], [1.0, 0.0, 0.0, 0.0, 0.0, 0.283, 0.283, 0.283], [1.0, 0.0, 0.0, 0.0, 0.0, 0.283, 0.283, 0.283]]	
('1755151', '10447547', '7234373', '1845147,273074')	rank:2	pos:1	terms:2	frequency:0	score:3	aggr:[[1.0, 0.0, 0.0, 0.0, 0.0, 0.283, 0.283, 0.283], [1.0, 0.0, 0.0, 0.0, 0.0, 0.283, 0.283, 0.283], [1.0, 0.0, 0.0, 0.0, 0.0, 0.283, 0.283, 0.283], [1.0, 0.0, 0.0, 0.0, 0.0, 0.283, 0.283, 0.283], [1.0, 0.0, 0.0, 0.0, 0.0, 0.283, 0.283, 0.283], [1.0, 0.0, 0.0, 0.0, 0.0, 0.283, 0.283, 0.283], [1.0, 0.0, 0.0, 0.0, 0.0, 0.283, 0.283, 0.283], [1.0, 0.0, 0.0, 0.0, 0.0, 0.283, 0.283, 0.283]]	
('1755151', '10447547', '7234373', '23762046,2381173')	rank:3	pos:1	terms:2	frequency:0	score:3	aggr:[[1.0, 0.0, 0.0, 0.0, 0.0, 0.22551190476190475, 0.07075, 0.07075], [1.0, 0.0, 0.0, 0.0, 0.0, 0.283, 0.283, 0.283], [1.0, 0.0, 0.0, 0.0, 0.0, 0.283, 0.283, 0.283], [1.0, 0.0, 0.0, 0.0, 0.0, 0.283, 0.283, 0.283], [1.0, 0.0, 0.0, 0.0, 0.0, 0.22551190476190475, 0.07075, 0.07075], [1.0, 0.0, 0.0, 0.0, 0.0, 0.283, 0.283, 0.283], [1.0, 0.0, 0.0, 0.0, 0.0, 0.283, 0.283, 0.283], [1.0, 0.0, 0.0, 0.0, 0.0, 0.283, 0.283, 0.283]]	
('1755151', '10447547', '7234373', '32686652,3181257')	rank:4	pos:1	terms:2	frequency:0	score:1	aggr:[[1.0, 0.0, 0.0, 0.0, 0.0, 0.21198148148148147, 0.04716666666666666, 0.04716666666666666], [1.0, 0.0, 0.0, 0.0, 0.0, 0.283, 0.283, 0.283], [1.0, 0.0, 0.0, 0.0, 0.0, 0.283, 0.283, 0.283], [1.0, 0.0, 0.0, 0.0, 0.0, 0.283, 0.283, 0.283], [1.0, 0.0, 0.0, 0.0, 0.0, 0.21198148148148147, 0.04716666666666666, 0.04716666666666666], [1.0, 0.0, 0.0, 0.0, 0.0, 0.283, 0.283, 0.283], [1.0, 0.0, 0.0, 0.0, 0.0, 0.283, 0.283, 0.283], [1.0, 0.0, 0.0, 0.0, 0.0, 0.283, 0.283, 0.283]]	
('1755151', '10447547', '7234373', '32797485,3195018')	rank:5	pos:1	terms:2	frequency:0	score:1	aggr:[[1.0, 0.0, 0.0, 0.0, 0.0, 0.283, 0.283, 0.283], [1.0, 0.0, 0.0, 0.0, 0.0, 0.283, 0.283, 0.283], [1.0, 0.0, 0.0, 0.0, 0.0, 0.283, 0.283, 0.283], [1.0, 0.0, 0.0, 0.0, 0.0, 0.283, 0.283, 0.283], [1.0, 0.0, 0.0, 0.0, 0.0, 0.283, 0.283, 0.283], [1.0, 0.0, 0.0, 0.0, 0.0, 0.283, 0.283, 0.283], [1.0, 0.0, 0.0, 0.0, 0.0, 0.283, 0.283, 0.283], [1.0, 0.0, 0.0, 0.0, 0.0, 0.283, 0.283, 0.283]]	
('1755151', '10447547', '7234373', '67494150,5077146')	rank:6	pos:1	terms:2	frequency:0	score:1	aggr:[[1.0, 0.0, 0.0, 0.0, 0.0, 0.283, 0.283, 0.283], [1.0, 0.0, 0.0, 0.0, 0.0, 0.283, 0.283, 0.283], [1.0, 0.0, 0.0, 0.0, 0.0, 0.283, 0.283, 0.283], [1.0, 0.0, 0.0, 0.0, 0.0, 0.283, 0.283, 0.283], [1.0, 0.0, 0.0, 0.0, 0.0, 0.283, 0.283, 0.283], [1.0, 0.0, 0.0, 0.0, 0.0, 0.283, 0.283, 0.283], [1.0, 0.0, 0.0, 0.0, 0.0, 0.283, 0.283, 0.283], [1.0, 0.0, 0.0, 0.0, 0.0, 0.283, 0.283, 0.283]]	
('1755151', '10447547', '7234373', '42803431,3776507')	rank:7	pos:1	terms:2	frequency:0	score:1	aggr:[[1.0, 0.0, 0.0, 0.0, 0.0, 0.283, 0.283, 0.283], [1.0, 0.0, 0.0, 0.0, 0.0, 0.283, 0.283, 0.283], [1.0, 0.0, 0.0, 0.0, 0.0, 0.283, 0.283, 0.283], [1.0, 0.0, 0.0, 0.0, 0.0, 0.283, 0.283, 0.283], [1.0, 0.0, 0.0, 0.0, 0.0, 0.283, 0.283, 0.283], [1.0, 0.0, 0.0, 0.0, 0.0, 0.283, 0.283, 0.283], [1.0, 0.0, 0.0, 0.0, 0.0, 0.283, 0.283, 0.283], [1.0, 0.0, 0.0, 0.0, 0.0, 0.283, 0.283, 0.283]]	
('1755151', '10447547', '7234373', '58830342,4607198')	rank:8	pos:1	terms:2	frequency:0	score:1	aggr:[[0.75, 0.0, 0.0, 0.0, 0.25, 0.17908333333333332, 0.07075, 0.19574999999999998], [1.0, 0.0, 0.0, 0.0, 0.0, 0.283, 0.283, 0.283], [1.0, 0.0, 0.0, 0.0, 0.0, 0.283, 0.283, 0.283], [1.0, 0.0, 0.0, 0.0, 0.0, 0.283, 0.283, 0.283], [0.75, 0.0, 0.0, 0.0, 0.25, 0.17908333333333332, 0.07075, 0.19574999999999998], [1.0, 0.0, 0.0, 0.0, 0.0, 0.283, 0.283, 0.283], [1.0, 0.0, 0.0, 0.0, 0.0, 0.283, 0.283, 0.283], [1.0, 0.0, 0.0, 0.0, 0.0, 0.283, 0.283, 0.283]]	
('1755151', '10447547', '7234373', '51979330,4282265')	rank:9	pos:1	terms:2	frequency:0	score:1	aggr:[[1.0, 0.0, 0.0, 0.0, 0.0, 0.283, 0.283, 0.283], [1.0, 0.0, 0.0, 0.0, 0.0, 0.283, 0.283, 0.283], [1.0, 0.0, 0.0, 0.0, 0.0, 0.283, 0.283, 0.283], [1.0, 0.0, 0.0, 0.0, 0.0, 0.283, 0.283, 0.283], [1.0, 0.0, 0.0, 0.0, 0.0, 0.283, 0.283, 0.283], [1.0, 0.0, 0.0, 0.0, 0.0, 0.283, 0.283, 0.283], [1.0, 0.0, 0.0, 0.0, 0.0, 0.283, 0.283, 0.283], [1.0, 0.0, 0.0, 0.0, 0.0, 0.283, 0.283, 0.283]]	
('1755151', '10447547', '7234373', '26079894,2597528')	rank:10	pos:1	terms:2	frequency:0	score:1	aggr:[[0.8227513227513228, 0.07539682539682539, 0.006613756613756613, 0.015873015873015872, 0.07936507936507936, 0.2853878810783567, 0.04387920970857478, 0.07144230284706476], [1.0, 0.0, 0.0, 0.0, 0.0, 0.283, 0.283, 0.283], [1.0, 0.0, 0.0, 0.0, 0.0, 0.283, 0.283, 0.283], [1.0, 0.0, 0.0, 0.0, 0.0, 0.283, 0.283, 0.283], [0.8227513227513228, 0.07539682539682539, 0.006613756613756613, 0.015873015873015872, 0.07936507936507936, 0.2853878810783567, 0.04387920970857478, 0.07144230284706476], [1.0, 0.0, 0.0, 0.0, 0.0, 0.283, 0.283, 0.283], [1.0, 0.0, 0.0, 0.0, 0.0, 0.283, 0.283, 0.283], [1.0, 0.0, 0.0, 0.0, 0.0, 0.283, 0.283, 0.283]]	
('1755151', '10447548', '5192638', '39550708,3570750')	rank:1	pos:1	terms:4	frequency:0	score:1	aggr:[[1.0, 0.0, 0.0, 0.0, 0.0, 0.15397530864197534, 0.03144444444444444, 0.03144444444444444], [1.0, 0.0, 0.0, 0.0, 0.0, 0.19705555555555554, 0.1415, 0.1415], [1.0, 0.0, 0.0, 0.0, 0.0, 0.283, 0.283, 0.283], [1.0, 0.0, 0.0, 0.0, 0.0, 0.283, 0.283, 0.283], [1.0, 0.0, 0.0, 0.0, 0.0, 0.15397530864197534, 0.03144444444444444, 0.03144444444444444], [1.0, 0.0, 0.0, 0.0, 0.0, 0.19705555555555554, 0.1415, 0.1415], [1.0, 0.0, 0.0, 0.0, 0.0, 0.283, 0.283, 0.283], [1.0, 0.0, 0.0, 0.0, 0.0, 0.283, 0.283, 0.283]]	
('1755151', '10447548', '5192638', '40986241,3650614')	rank:2	pos:1	terms:4	frequency:0	score:1	aggr:[[1.0, 0.0, 0.0, 0.0, 0.0, 0.22517142857142852, 0.0566, 0.0566], [1.0, 0.0, 0.0, 0.0, 0.0, 0.283, 0.283, 0.283], [1.0, 0.0, 0.0, 0.0, 0.0, 0.283, 0.283, 0.283], [1.0, 0.0, 0.0, 0.0, 0.0, 0.283, 0.283, 0.283], [1.0, 0.0, 0.0, 0.0, 0.0, 0.22517142857142852, 0.0566, 0.0566], [1.0, 0.0, 0.0, 0.0, 0.0, 0.283, 0.283, 0.283], [1.0, 0.0, 0.0, 0.0, 0.0, 0.283, 0.283, 0.283], [1.0, 0.0, 0.0, 0.0, 0.0, 0.283, 0.283, 0.283]]	
('1755151', '10447548', '5192638', '2828578,399351')	rank:3	pos:1	terms:4	frequency:0	score:1	aggr:[[1.0, 0.0, 0.0, 0.0, 0.0, 0.37870168067226884, 0.008323529411764705, 0.008323529411764705], [1.0, 0.0, 0.0, 0.0, 0.0, 0.30816666666666664, 0.1415, 0.1415], [1.0, 0.0, 0.0, 0.0, 0.0, 0.283, 0.283, 0.283], [1.0, 0.0, 0.0, 0.0, 0.0, 0.283, 0.283, 0.283], [1.0, 0.0, 0.0, 0.0, 0.0, 0.37870168067226884, 0.008323529411764705, 0.008323529411764705], [1.0, 0.0, 0.0, 0.0, 0.0, 0.30816666666666664, 0.1415, 0.1415], [1.0, 0.0, 0.0, 0.0, 0.0, 0.283, 0.283, 0.283], [1.0, 0.0, 0.0, 0.0, 0.0, 0.283, 0.283, 0.283]]	
('1755151', '10447548', '5192638', '1258023,201059')	rank:4	pos:1	terms:4	frequency:0	score:1	aggr:[[1.0, 0.0, 0.0, 0.0, 0.0, 0.2129285714285714, 0.1415, 0.1415], [1.0, 0.0, 0.0, 0.0, 0.0, 0.283, 0.283, 0.283], [1.0, 0.0, 0.0, 0.0, 0.0, 0.283, 0.283, 0.283], [1.0, 0.0, 0.0, 0.0, 0.0, 0.283, 0.283, 0.283], [1.0, 0.0, 0.0, 0.0, 0.0, 0.2129285714285714, 0.1415, 0.1415], [1.0, 0.0, 0.0, 0.0, 0.0, 0.283, 0.283, 0.283], [1.0, 0.0, 0.0, 0.0, 0.0, 0.283, 0.283, 0.283], [1.0, 0.0, 0.0, 0.0, 0.0, 0.283, 0.283, 0.283]]	
('1755151', '10447548', '5192638', '2817662,399133')	rank:5	pos:1	terms:4	frequency:0	score:1	aggr:[[1.0, 0.0, 0.0, 0.0, 0.0, 0.18659999999999996, 0.0566, 0.0566], [1.0, 0.0, 0.0, 0.0, 0.0, 0.204, 0.1415, 0.1415], [1.0, 0.0, 0.0, 0.0, 0.0, 0.283, 0.283, 0.283], [1.0, 0.0, 0.0, 0.0, 0.0, 0.283, 0.283, 0.283], [1.0, 0.0, 0.0, 0.0, 0.0, 0.18659999999999996, 0.0566, 0.0566], [1.0, 0.0, 0.0, 0.0, 0.0, 0.204, 0.1415, 0.1415], [1.0, 0.0, 0.0, 0.0, 0.0, 0.283, 0.283, 0.283], [1.0, 0.0, 0.0, 0.0, 0.0, 0.283, 0.283, 0.283]]	
('1755151', '10447548', '5192638', '67795784,5087345')	rank:6	pos:1	terms:4	frequency:0	score:1	aggr:[[0.8571428571428571, 0.0, 0.0, 0.0, 0.14285714285714285, 0.49280952380952375, 0.040428571428571425, 0.11185714285714285], [1.0, 0.0, 0.0, 0.0, 0.0, 0.39149999999999996, 0.1415, 0.1415], [1.0, 0.0, 0.0, 0.0, 0.0, 0.283, 0.283, 0.283], [1.0, 0.0, 0.0, 0.0, 0.0, 0.283, 0.283, 0.283], [0.8571428571428571, 0.0, 0.0, 0.0, 0.14285714285714285, 0.49280952380952375, 0.040428571428571425, 0.11185714285714285], [1.0, 0.0, 0.0, 0.0, 0.0, 0.39149999999999996, 0.1415, 0.1415], [1.0, 0.0, 0.0, 0.0, 0.0, 0.283, 0.283, 0.283], [1.0, 0.0, 0.0, 0.0, 0.0, 0.283, 0.283, 0.283]]	
('1755151', '10447548', '5192638', '37595223,3467665')	rank:7	pos:1	terms:4	frequency:0	score:1	aggr:[[1.0, 0.0, 0.0, 0.0, 0.0, 0.21242403628117912, 0.040428571428571425, 0.040428571428571425], [1.0, 0.0, 0.0, 0.0, 0.0, 0.283, 0.283, 0.283], [1.0, 0.0, 0.0, 0.0, 0.0, 0.283, 0.283, 0.283], [1.0, 0.0, 0.0, 0.0, 0.0, 0.283, 0.283, 0.283], [1.0, 0.0, 0.0, 0.0, 0.0, 0.21242403628117912, 0.040428571428571425, 0.040428571428571425], [1.0, 0.0, 0.0, 0.0, 0.0, 0.283, 0.283, 0.283], [1.0, 0.0, 0.0, 0.0, 0.0, 0.283, 0.283, 0.283], [1.0, 0.0, 0.0, 0.0, 0.0, 0.283, 0.283, 0.283]]	
('1755151', '10447548', '5192638', '23010104,2312707')	rank:8	pos:1	terms:4	frequency:0	score:1	aggr:[[1.0, 0.0, 0.0, 0.0, 0.0, 0.1869259259259259, 0.09433333333333332, 0.09433333333333332], [1.0, 0.0, 0.0, 0.0, 0.0, 0.283, 0.283, 0.283], [1.0, 0.0, 0.0, 0.0, 0.0, 0.283, 0.283, 0.283], [1.0, 0.0, 0.0, 0.0, 0.0, 0.283, 0.283, 0.283], [1.0, 0.0, 0.0, 0.0, 0.0, 0.1869259259259259, 0.09433333333333332, 0.09433333333333332], [1.0, 0.0, 0.0, 0.0, 0.0, 0.283, 0.283, 0.283], [1.0, 0.0, 0.0, 0.0, 0.0, 0.283, 0.283, 0.283], [1.0, 0.0, 0.0, 0.0, 0.0, 0.283, 0.283, 0.283]]	
('1755151', '10447548', '5192638', '47012804,3994980')	rank:9	pos:1	terms:4	frequency:0	score:1	aggr:[[1.0, 0.0, 0.0, 0.0, 0.0, 0.283, 0.283, 0.283], [1.0, 0.0, 0.0, 0.0, 0.0, 0.283, 0.283, 0.283], [1.0, 0.0, 0.0, 0.0, 0.0, 0.283, 0.283, 0.283], [1.0, 0.0, 0.0, 0.0, 0.0, 0.283, 0.283, 0.283], [1.0, 0.0, 0.0, 0.0, 0.0, 0.283, 0.283, 0.283], [1.0, 0.0, 0.0, 0.0, 0.0, 0.283, 0.283, 0.283], [1.0, 0.0, 0.0, 0.0, 0.0, 0.283, 0.283, 0.283], [1.0, 0.0, 0.0, 0.0, 0.0, 0.283, 0.283, 0.283]]	
('1755151', '10447548', '5192638', '63751386,4854940')	rank:10	pos:1	terms:4	frequency:0	score:1	aggr:[[1.0, 0.0, 0.0, 0.0, 0.0, 0.19674206349206347, 0.07075, 0.07075], [1.0, 0.0, 0.0, 0.0, 0.0, 0.283, 0.283, 0.283], [1.0, 0.0, 0.0, 0.0, 0.0, 0.283, 0.283, 0.283], [1.0, 0.0, 0.0, 0.0, 0.0, 0.283, 0.283, 0.283], [1.0, 0.0, 0.0, 0.0, 0.0, 0.19674206349206347, 0.07075, 0.07075], [1.0, 0.0, 0.0, 0.0, 0.0, 0.283, 0.283, 0.283], [1.0, 0.0, 0.0, 0.0, 0.0, 0.283, 0.283, 0.283], [1.0, 0.0, 0.0, 0.0, 0.0, 0.283, 0.283, 0.283]]	
('1755151', '10447548', '5192641', '39550708,3570750')	rank:1	pos:2	terms:6	frequency:0	score:1	aggr:[[1.0, 0.0, 0.0, 0.0, 0.0, 0.15397530864197534, 0.03144444444444444, 0.03144444444444444], [1.0, 0.0, 0.0, 0.0, 0.0, 0.19705555555555554, 0.1415, 0.1415], [1.0, 0.0, 0.0, 0.0, 0.0, 0.283, 0.283, 0.283], [1.0, 0.0, 0.0, 0.0, 0.0, 0.283, 0.283, 0.283], [1.0, 0.0, 0.0, 0.0, 0.0, 0.15397530864197534, 0.03144444444444444, 0.03144444444444444], [1.0, 0.0, 0.0, 0.0, 0.0, 0.19705555555555554, 0.1415, 0.1415], [1.0, 0.0, 0.0, 0.0, 0.0, 0.283, 0.283, 0.283], [1.0, 0.0, 0.0, 0.0, 0.0, 0.283, 0.283, 0.283]]	
('1755151', '10447548', '5192641', '40986241,3650614')	rank:2	pos:2	terms:6	frequency:0	score:1	aggr:[[1.0, 0.0, 0.0, 0.0, 0.0, 0.22517142857142852, 0.0566, 0.0566], [1.0, 0.0, 0.0, 0.0, 0.0, 0.283, 0.283, 0.283], [1.0, 0.0, 0.0, 0.0, 0.0, 0.283, 0.283, 0.283], [1.0, 0.0, 0.0, 0.0, 0.0, 0.283, 0.283, 0.283], [1.0, 0.0, 0.0, 0.0, 0.0, 0.22517142857142852, 0.0566, 0.0566], [1.0, 0.0, 0.0, 0.0, 0.0, 0.283, 0.283, 0.283], [1.0, 0.0, 0.0, 0.0, 0.0, 0.283, 0.283, 0.283], [1.0, 0.0, 0.0, 0.0, 0.0, 0.283, 0.283, 0.283]]	
('1755151', '10447548', '5192641', '2828578,399351')	rank:3	pos:2	terms:6	frequency:0	score:1	aggr:[[1.0, 0.0, 0.0, 0.0, 0.0, 0.37870168067226884, 0.008323529411764705, 0.008323529411764705], [1.0, 0.0, 0.0, 0.0, 0.0, 0.30816666666666664, 0.1415, 0.1415], [1.0, 0.0, 0.0, 0.0, 0.0, 0.283, 0.283, 0.283], [1.0, 0.0, 0.0, 0.0, 0.0, 0.283, 0.283, 0.283], [1.0, 0.0, 0.0, 0.0, 0.0, 0.37870168067226884, 0.008323529411764705, 0.008323529411764705], [1.0, 0.0, 0.0, 0.0, 0.0, 0.30816666666666664, 0.1415, 0.1415], [1.0, 0.0, 0.0, 0.0, 0.0, 0.283, 0.283, 0.283], [1.0, 0.0, 0.0, 0.0, 0.0, 0.283, 0.283, 0.283]]	
('1755151', '10447548', '5192641', '67795671,5087345')	rank:4	pos:2	terms:6	frequency:0	score:1	aggr:[[0.8571428571428571, 0.0, 0.0, 0.0, 0.14285714285714285, 0.49280952380952375, 0.040428571428571425, 0.11185714285714285], [0.75, 0.0, 0.0, 0.0, 0.25, 0.44575, 0.07075, 0.19574999999999998], [1.0, 0.0, 0.0, 0.0, 0.0, 0.283, 0.283, 0.283], [1.0, 0.0, 0.0, 0.0, 0.0, 0.283, 0.283, 0.283], [0.8571428571428571, 0.0, 0.0, 0.0, 0.14285714285714285, 0.49280952380952375, 0.040428571428571425, 0.11185714285714285], [0.75, 0.0, 0.0, 0.0, 0.25, 0.44575, 0.07075, 0.19574999999999998], [1.0, 0.0, 0.0, 0.0, 0.0, 0.283, 0.283, 0.283], [1.0, 0.0, 0.0, 0.0, 0.0, 0.283, 0.283, 0.283]]	
('1755151', '10447548', '5192641', '39586497,3571042')	rank:5	pos:2	terms:6	frequency:0	score:1	aggr:[[0.8, 0.06666666666666667, 0.0, 0.06666666666666667, 0.06666666666666667, 0.1280994708994709, 0.052199999999999996, 0.1522], [1.0, 0.0, 0.0, 0.0, 0.0, 0.283, 0.283, 0.283], [1.0, 0.0, 0.0, 0.0, 0.0, 0.283, 0.283, 0.283], [1.0, 0.0, 0.0, 0.0, 0.0, 0.283, 0.283, 0.283], [0.8, 0.06666666666666667, 0.0, 0.06666666666666667, 0.06666666666666667, 0.1280994708994709, 0.052199999999999996, 0.1522], [1.0, 0.0, 0.0, 0.0, 0.0, 0.283, 0.283, 0.283], [1.0, 0.0, 0.0, 0.0, 0.0, 0.283, 0.283, 0.283], [1.0, 0.0, 0.0, 0.0, 0.0, 0.283, 0.283, 0.283]]	
('1755151', '10447548', '5192641', '56804286,4496986')	rank:6	pos:2	terms:6	frequency:0	score:1	aggr:[[1.0, 0.0, 0.0, 0.0, 0.0, 0.2680138888888889, 0.035375, 0.035375], [1.0, 0.0, 0.0, 0.0, 0.0, 0.19705555555555554, 0.1415, 0.1415], [1.0, 0.0, 0.0, 0.0, 0.0, 0.283, 0.283, 0.283], [1.0, 0.0, 0.0, 0.0, 0.0, 0.283, 0.283, 0.283], [1.0, 0.0, 0.0, 0.0, 0.0, 0.2680138888888889, 0.035375, 0.035375], [1.0, 0.0, 0.0, 0.0, 0.0, 0.19705555555555554, 0.1415, 0.1415], [1.0, 0.0, 0.0, 0.0, 0.0, 0.283, 0.283, 0.283], [1.0, 0.0, 0.0, 0.0, 0.0, 0.283, 0.283, 0.283]]	
('1755151', '10447548', '5192641', '29190483,2863181')	rank:7	pos:2	terms:6	frequency:0	score:1	aggr:[[0.9615384615384616, 0.038461538461538464, 0.0, 0.0, 0.0, 0.2640286935286935, 0.023705128205128205, 0.010884615384615383], [1.0, 0.0, 0.0, 0.0, 0.0, 0.22483333333333333, 0.1415, 0.1415], [1.0, 0.0, 0.0, 0.0, 0.0, 0.283, 0.283, 0.283], [1.0, 0.0, 0.0, 0.0, 0.0, 0.283, 0.283, 0.283], [0.9615384615384616, 0.038461538461538464, 0.0, 0.0, 0.0, 0.2640286935286935, 0.023705128205128205, 0.010884615384615383], [1.0, 0.0, 0.0, 0.0, 0.0, 0.22483333333333333, 0.1415, 0.1415], [1.0, 0.0, 0.0, 0.0, 0.0, 0.283, 0.283, 0.283], [1.0, 0.0, 0.0, 0.0, 0.0, 0.283, 0.283, 0.283]]	
('1755151', '10447548', '5192641', '13722833,1407618')	rank:8	pos:2	terms:6	frequency:0	score:1	aggr:[[1.0, 0.0, 0.0, 0.0, 0.0, 0.1915, 0.1415, 0.1415], [1.0, 0.0, 0.0, 0.0, 0.0, 0.283, 0.283, 0.283], [1.0, 0.0, 0.0, 0.0, 0.0, 0.283, 0.283, 0.283], [1.0, 0.0, 0.0, 0.0, 0.0, 0.283, 0.283, 0.283], [1.0, 0.0, 0.0, 0.0, 0.0, 0.1915, 0.1415, 0.1415], [1.0, 0.0, 0.0, 0.0, 0.0, 0.283, 0.283, 0.283], [1.0, 0.0, 0.0, 0.0, 0.0, 0.283, 0.283, 0.283], [1.0, 0.0, 0.0, 0.0, 0.0, 0.283, 0.283, 0.283]]	
('1755151', '10447548', '5192641', '37595223,3467665')	rank:9	pos:2	terms:6	frequency:0	score:1	aggr:[[1.0, 0.0, 0.0, 0.0, 0.0, 0.21242403628117912, 0.040428571428571425, 0.040428571428571425], [1.0, 0.0, 0.0, 0.0, 0.0, 0.283, 0.283, 0.283], [1.0, 0.0, 0.0, 0.0, 0.0, 0.283, 0.283, 0.283], [1.0, 0.0, 0.0, 0.0, 0.0, 0.283, 0.283, 0.283], [1.0, 0.0, 0.0, 0.0, 0.0, 0.21242403628117912, 0.040428571428571425, 0.040428571428571425], [1.0, 0.0, 0.0, 0.0, 0.0, 0.283, 0.283, 0.283], [1.0, 0.0, 0.0, 0.0, 0.0, 0.283, 0.283, 0.283], [1.0, 0.0, 0.0, 0.0, 0.0, 0.283, 0.283, 0.283]]	
('1755151', '10447548', '5192641', '29368615,2863625')	rank:10	pos:2	terms:6	frequency:0	score:1	aggr:[[1.0, 0.0, 0.0, 0.0, 0.0, 0.20655555555555555, 0.035375, 0.035375], [1.0, 0.0, 0.0, 0.0, 0.0, 0.2471111111111111, 0.09433333333333332, 0.09433333333333332], [1.0, 0.0, 0.0, 0.0, 0.0, 0.283, 0.283, 0.283], [1.0, 0.0, 0.0, 0.0, 0.0, 0.283, 0.283, 0.283], [1.0, 0.0, 0.0, 0.0, 0.0, 0.20655555555555555, 0.035375, 0.035375], [1.0, 0.0, 0.0, 0.0, 0.0, 0.2471111111111111, 0.09433333333333332, 0.09433333333333332], [1.0, 0.0, 0.0, 0.0, 0.0, 0.283, 0.283, 0.283], [1.0, 0.0, 0.0, 0.0, 0.0, 0.283, 0.283, 0.283]]	
