num_query:11	num_avg_terms:4.0	num_clicks6:0	num_clicks35:1	num_clicks12:2	
('2473140', '14728547', '14757736', '63415759,4843552')	rank:1	pos:1	terms:4	frequency:0	score:2	aggr:[[1.0, 0.0, 0.0, 0.0, 0.0, 0.23548888888888891, 0.0566, 0.0566], [1.0, 0.0, 0.0, 0.0, 0.0, 0.19705555555555554, 0.1415, 0.1415], [1.0, 0.0, 0.0, 0.0, 0.0, 0.283, 0.283, 0.283], [1.0, 0.0, 0.0, 0.0, 0.0, 0.283, 0.283, 0.283], [1.0, 0.0, 0.0, 0.0, 0.0, 0.23548888888888891, 0.0566, 0.0566], [1.0, 0.0, 0.0, 0.0, 0.0, 0.19705555555555554, 0.1415, 0.1415], [1.0, 0.0, 0.0, 0.0, 0.0, 0.283, 0.283, 0.283], [1.0, 0.0, 0.0, 0.0, 0.0, 0.283, 0.283, 0.283]]	
('2473140', '14728547', '14757736', '61000219,4711879')	rank:2	pos:1	terms:4	frequency:0	score:5	aggr:[[1.0, 0.0, 0.0, 0.0, 0.0, 0.18692592592592594, 0.09433333333333332, 0.09433333333333332], [1.0, 0.0, 0.0, 0.0, 0.0, 0.283, 0.283, 0.283], [1.0, 0.0, 0.0, 0.0, 0.0, 0.283, 0.283, 0.283], [1.0, 0.0, 0.0, 0.0, 0.0, 0.283, 0.283, 0.283], [1.0, 0.0, 0.0, 0.0, 0.0, 0.18692592592592594, 0.09433333333333332, 0.09433333333333332], [1.0, 0.0, 0.0, 0.0, 0.0, 0.283, 0.283, 0.283], [1.0, 0.0, 0.0, 0.0, 0.0, 0.283, 0.283, 0.283], [1.0, 0.0, 0.0, 0.0, 0.0, 0.283, 0.283, 0.283]]	
('2473140', '14728547', '14757736', '63378488,4843233')	rank:3	pos:1	terms:4	frequency:0	score:1	aggr:[[1.0, 0.0, 0.0, 0.0, 0.0, 0.3891179138321995, 0.010107142857142856, 0.010107142857142856], [1.0, 0.0, 0.0, 0.0, 0.0, 0.283, 0.283, 0.283], [1.0, 0.0, 0.0, 0.0, 0.0, 0.283, 0.283, 0.283], [1.0, 0.0, 0.0, 0.0, 0.0, 0.283, 0.283, 0.283], [1.0, 0.0, 0.0, 0.0, 0.0, 0.3891179138321995, 0.010107142857142856, 0.010107142857142856], [1.0, 0.0, 0.0, 0.0, 0.0, 0.283, 0.283, 0.283], [1.0, 0.0, 0.0, 0.0, 0.0, 0.283, 0.283, 0.283], [1.0, 0.0, 0.0, 0.0, 0.0, 0.283, 0.283, 0.283]]	
('2473140', '14728547', '14757736', '63378372,4843233')	rank:4	pos:1	terms:4	frequency:0	score:1	aggr:[[1.0, 0.0, 0.0, 0.0, 0.0, 0.3891179138321995, 0.010107142857142856, 0.010107142857142856], [1.0, 0.0, 0.0, 0.0, 0.0, 0.283, 0.283, 0.283], [1.0, 0.0, 0.0, 0.0, 0.0, 0.283, 0.283, 0.283], [1.0, 0.0, 0.0, 0.0, 0.0, 0.283, 0.283, 0.283], [1.0, 0.0, 0.0, 0.0, 0.0, 0.3891179138321995, 0.010107142857142856, 0.010107142857142856], [1.0, 0.0, 0.0, 0.0, 0.0, 0.283, 0.283, 0.283], [1.0, 0.0, 0.0, 0.0, 0.0, 0.283, 0.283, 0.283], [1.0, 0.0, 0.0, 0.0, 0.0, 0.283, 0.283, 0.283]]	
('2473140', '14728547', '14757736', '70072806,5163891')	rank:5	pos:1	terms:4	frequency:0	score:1	aggr:[[1.0, 0.0, 0.0, 0.0, 0.0, 0.283, 0.283, 0.283], [1.0, 0.0, 0.0, 0.0, 0.0, 0.283, 0.283, 0.283], [1.0, 0.0, 0.0, 0.0, 0.0, 0.283, 0.283, 0.283], [1.0, 0.0, 0.0, 0.0, 0.0, 0.283, 0.283, 0.283], [1.0, 0.0, 0.0, 0.0, 0.0, 0.283, 0.283, 0.283], [1.0, 0.0, 0.0, 0.0, 0.0, 0.283, 0.283, 0.283], [1.0, 0.0, 0.0, 0.0, 0.0, 0.283, 0.283, 0.283], [1.0, 0.0, 0.0, 0.0, 0.0, 0.283, 0.283, 0.283]]	
('2473140', '14728547', '14757736', '47629597,4029651')	rank:6	pos:1	terms:4	frequency:0	score:1	aggr:[[0.746268656716418, 0.07462686567164178, 0.029850746268656716, 0.04477611940298507, 0.1044776119402985, 0.19122340677564556, 0.050243781094527366, 0.13322174840085288], [1.0, 0.0, 0.0, 0.0, 0.0, 0.283, 0.283, 0.283], [1.0, 0.0, 0.0, 0.0, 0.0, 0.283, 0.283, 0.283], [1.0, 0.0, 0.0, 0.0, 0.0, 0.283, 0.283, 0.283], [0.746268656716418, 0.07462686567164178, 0.029850746268656716, 0.04477611940298507, 0.1044776119402985, 0.19122340677564556, 0.050243781094527366, 0.13322174840085288], [1.0, 0.0, 0.0, 0.0, 0.0, 0.283, 0.283, 0.283], [1.0, 0.0, 0.0, 0.0, 0.0, 0.283, 0.283, 0.283], [1.0, 0.0, 0.0, 0.0, 0.0, 0.283, 0.283, 0.283]]	
('2473140', '14728547', '14757736', '23441798,2357935')	rank:7	pos:1	terms:4	frequency:0	score:1	aggr:[[1.0, 0.0, 0.0, 0.0, 0.0, 0.283, 0.283, 0.283], [1.0, 0.0, 0.0, 0.0, 0.0, 0.283, 0.283, 0.283], [1.0, 0.0, 0.0, 0.0, 0.0, 0.283, 0.283, 0.283], [1.0, 0.0, 0.0, 0.0, 0.0, 0.283, 0.283, 0.283], [1.0, 0.0, 0.0, 0.0, 0.0, 0.283, 0.283, 0.283], [1.0, 0.0, 0.0, 0.0, 0.0, 0.283, 0.283, 0.283], [1.0, 0.0, 0.0, 0.0, 0.0, 0.283, 0.283, 0.283], [1.0, 0.0, 0.0, 0.0, 0.0, 0.283, 0.283, 0.283]]	
('2473140', '14728547', '14757736', '2043980,302268')	rank:8	pos:1	terms:4	frequency:0	score:1	aggr:[[1.0, 0.0, 0.0, 0.0, 0.0, 0.14604444444444445, 0.0566, 0.0566], [1.0, 0.0, 0.0, 0.0, 0.0, 0.283, 0.283, 0.283], [1.0, 0.0, 0.0, 0.0, 0.0, 0.283, 0.283, 0.283], [1.0, 0.0, 0.0, 0.0, 0.0, 0.283, 0.283, 0.283], [1.0, 0.0, 0.0, 0.0, 0.0, 0.14604444444444445, 0.0566, 0.0566], [1.0, 0.0, 0.0, 0.0, 0.0, 0.283, 0.283, 0.283], [1.0, 0.0, 0.0, 0.0, 0.0, 0.283, 0.283, 0.283], [1.0, 0.0, 0.0, 0.0, 0.0, 0.283, 0.283, 0.283]]	
('2473140', '14728547', '14757736', '58898139,4611181')	rank:9	pos:1	terms:4	frequency:0	score:1	aggr:[[1.0, 0.0, 0.0, 0.0, 0.0, 0.283, 0.283, 0.283], [1.0, 0.0, 0.0, 0.0, 0.0, 0.283, 0.283, 0.283], [1.0, 0.0, 0.0, 0.0, 0.0, 0.283, 0.283, 0.283], [1.0, 0.0, 0.0, 0.0, 0.0, 0.283, 0.283, 0.283], [1.0, 0.0, 0.0, 0.0, 0.0, 0.283, 0.283, 0.283], [1.0, 0.0, 0.0, 0.0, 0.0, 0.283, 0.283, 0.283], [1.0, 0.0, 0.0, 0.0, 0.0, 0.283, 0.283, 0.283], [1.0, 0.0, 0.0, 0.0, 0.0, 0.283, 0.283, 0.283]]	
('2473140', '14728547', '14757736', '61447589,4727944')	rank:10	pos:1	terms:4	frequency:0	score:1	aggr:[[1.0, 0.0, 0.0, 0.0, 0.0, 0.283, 0.283, 0.283], [1.0, 0.0, 0.0, 0.0, 0.0, 0.283, 0.283, 0.283], [1.0, 0.0, 0.0, 0.0, 0.0, 0.283, 0.283, 0.283], [1.0, 0.0, 0.0, 0.0, 0.0, 0.283, 0.283, 0.283], [1.0, 0.0, 0.0, 0.0, 0.0, 0.283, 0.283, 0.283], [1.0, 0.0, 0.0, 0.0, 0.0, 0.283, 0.283, 0.283], [1.0, 0.0, 0.0, 0.0, 0.0, 0.283, 0.283, 0.283], [1.0, 0.0, 0.0, 0.0, 0.0, 0.283, 0.283, 0.283]]	
('2473140', '14728552', '19599675', '22967476,2312616')	rank:1	pos:1	terms:3	frequency:0	score:1	aggr:[[0.8974358974358975, 0.07692307692307693, 0.0, 0.0, 0.02564102564102564, 0.33647903947903945, 0.04785470085470086, 0.03289743589743589], [1.0, 0.0, 0.0, 0.0, 0.0, 0.42766666666666664, 0.09433333333333332, 0.09433333333333332], [1.0, 0.0, 0.0, 0.0, 0.0, 0.283, 0.283, 0.283], [1.0, 0.0, 0.0, 0.0, 0.0, 0.283, 0.283, 0.283], [0.8974358974358975, 0.07692307692307693, 0.0, 0.0, 0.02564102564102564, 0.33647903947903945, 0.04785470085470086, 0.03289743589743589], [1.0, 0.0, 0.0, 0.0, 0.0, 0.42766666666666664, 0.09433333333333332, 0.09433333333333332], [1.0, 0.0, 0.0, 0.0, 0.0, 0.283, 0.283, 0.283], [1.0, 0.0, 0.0, 0.0, 0.0, 0.283, 0.283, 0.283]]	
('2473140', '14728552', '19599675', '22967464,2312616')	rank:2	pos:1	terms:3	frequency:0	score:1	aggr:[[0.8974358974358975, 0.07692307692307693, 0.0, 0.0, 0.02564102564102564, 0.33647903947903945, 0.04785470085470086, 0.03289743589743589], [1.0, 0.0, 0.0, 0.0, 0.0, 0.283, 0.283, 0.283], [1.0, 0.0, 0.0, 0.0, 0.0, 0.283, 0.283, 0.283], [1.0, 0.0, 0.0, 0.0, 0.0, 0.283, 0.283, 0.283], [0.8974358974358975, 0.07692307692307693, 0.0, 0.0, 0.02564102564102564, 0.33647903947903945, 0.04785470085470086, 0.03289743589743589], [1.0, 0.0, 0.0, 0.0, 0.0, 0.283, 0.283, 0.283], [1.0, 0.0, 0.0, 0.0, 0.0, 0.283, 0.283, 0.283], [1.0, 0.0, 0.0, 0.0, 0.0, 0.283, 0.283, 0.283]]	
('2473140', '14728552', '19599675', '21585502,2219484')	rank:3	pos:1	terms:3	frequency:0	score:1	aggr:[[1.0, 0.0, 0.0, 0.0, 0.0, 0.283, 0.283, 0.283], [1.0, 0.0, 0.0, 0.0, 0.0, 0.283, 0.283, 0.283], [1.0, 0.0, 0.0, 0.0, 0.0, 0.283, 0.283, 0.283], [1.0, 0.0, 0.0, 0.0, 0.0, 0.283, 0.283, 0.283], [1.0, 0.0, 0.0, 0.0, 0.0, 0.283, 0.283, 0.283], [1.0, 0.0, 0.0, 0.0, 0.0, 0.283, 0.283, 0.283], [1.0, 0.0, 0.0, 0.0, 0.0, 0.283, 0.283, 0.283], [1.0, 0.0, 0.0, 0.0, 0.0, 0.283, 0.283, 0.283]]	
('2473140', '14728552', '19599675', '20288033,2081303')	rank:4	pos:1	terms:3	frequency:0	score:1	aggr:[[1.0, 0.0, 0.0, 0.0, 0.0, 0.3179795918367347, 0.040428571428571425, 0.040428571428571425], [1.0, 0.0, 0.0, 0.0, 0.0, 0.283, 0.283, 0.283], [1.0, 0.0, 0.0, 0.0, 0.0, 0.283, 0.283, 0.283], [1.0, 0.0, 0.0, 0.0, 0.0, 0.283, 0.283, 0.283], [1.0, 0.0, 0.0, 0.0, 0.0, 0.3179795918367347, 0.040428571428571425, 0.040428571428571425], [1.0, 0.0, 0.0, 0.0, 0.0, 0.283, 0.283, 0.283], [1.0, 0.0, 0.0, 0.0, 0.0, 0.283, 0.283, 0.283], [1.0, 0.0, 0.0, 0.0, 0.0, 0.283, 0.283, 0.283]]	
('2473140', '14728552', '19599675', '63428783,4843690')	rank:5	pos:1	terms:3	frequency:0	score:1	aggr:[[1.0, 0.0, 0.0, 0.0, 0.0, 0.283, 0.283, 0.283], [1.0, 0.0, 0.0, 0.0, 0.0, 0.283, 0.283, 0.283], [1.0, 0.0, 0.0, 0.0, 0.0, 0.283, 0.283, 0.283], [1.0, 0.0, 0.0, 0.0, 0.0, 0.283, 0.283, 0.283], [1.0, 0.0, 0.0, 0.0, 0.0, 0.283, 0.283, 0.283], [1.0, 0.0, 0.0, 0.0, 0.0, 0.283, 0.283, 0.283], [1.0, 0.0, 0.0, 0.0, 0.0, 0.283, 0.283, 0.283], [1.0, 0.0, 0.0, 0.0, 0.0, 0.283, 0.283, 0.283]]	
('2473140', '14728552', '19599675', '62305092,4791623')	rank:6	pos:1	terms:3	frequency:0	score:1	aggr:[[1.0, 0.0, 0.0, 0.0, 0.0, 0.36253296703296706, 0.010884615384615383, 0.010884615384615383], [1.0, 0.0, 0.0, 0.0, 0.0, 0.283, 0.283, 0.283], [1.0, 0.0, 0.0, 0.0, 0.0, 0.283, 0.283, 0.283], [1.0, 0.0, 0.0, 0.0, 0.0, 0.283, 0.283, 0.283], [1.0, 0.0, 0.0, 0.0, 0.0, 0.36253296703296706, 0.010884615384615383, 0.010884615384615383], [1.0, 0.0, 0.0, 0.0, 0.0, 0.283, 0.283, 0.283], [1.0, 0.0, 0.0, 0.0, 0.0, 0.283, 0.283, 0.283], [1.0, 0.0, 0.0, 0.0, 0.0, 0.283, 0.283, 0.283]]	
('2473140', '14728552', '19599675', '29293095,2863442')	rank:7	pos:1	terms:3	frequency:0	score:1	aggr:[[1.0, 0.0, 0.0, 0.0, 0.0, 0.49541118669690093, 0.013476190476190475, 0.013476190476190475], [1.0, 0.0, 0.0, 0.0, 0.0, 0.283, 0.283, 0.283], [1.0, 0.0, 0.0, 0.0, 0.0, 0.283, 0.283, 0.283], [1.0, 0.0, 0.0, 0.0, 0.0, 0.283, 0.283, 0.283], [1.0, 0.0, 0.0, 0.0, 0.0, 0.49541118669690093, 0.013476190476190475, 0.013476190476190475], [1.0, 0.0, 0.0, 0.0, 0.0, 0.283, 0.283, 0.283], [1.0, 0.0, 0.0, 0.0, 0.0, 0.283, 0.283, 0.283], [1.0, 0.0, 0.0, 0.0, 0.0, 0.283, 0.283, 0.283]]	
('2473140', '14728552', '19599675', '22944170,2311186')	rank:8	pos:1	terms:3	frequency:0	score:1	aggr:[[1.0, 0.0, 0.0, 0.0, 0.0, 0.16885978835978832, 0.04716666666666666, 0.04716666666666666], [1.0, 0.0, 0.0, 0.0, 0.0, 0.283, 0.283, 0.283], [1.0, 0.0, 0.0, 0.0, 0.0, 0.283, 0.283, 0.283], [1.0, 0.0, 0.0, 0.0, 0.0, 0.283, 0.283, 0.283], [1.0, 0.0, 0.0, 0.0, 0.0, 0.16885978835978832, 0.04716666666666666, 0.04716666666666666], [1.0, 0.0, 0.0, 0.0, 0.0, 0.283, 0.283, 0.283], [1.0, 0.0, 0.0, 0.0, 0.0, 0.283, 0.283, 0.283], [1.0, 0.0, 0.0, 0.0, 0.0, 0.283, 0.283, 0.283]]	
('2473140', '14728552', '19599675', '63321769,4842963')	rank:9	pos:1	terms:3	frequency:0	score:1	aggr:[[0.9625, 0.025, 0.0125, 0.0, 0.0, 0.21444523809523805, 0.018537500000000002, 0.0097875], [1.0, 0.0, 0.0, 0.0, 0.0, 0.283, 0.283, 0.283], [1.0, 0.0, 0.0, 0.0, 0.0, 0.283, 0.283, 0.283], [1.0, 0.0, 0.0, 0.0, 0.0, 0.283, 0.283, 0.283], [0.9625, 0.025, 0.0125, 0.0, 0.0, 0.21444523809523805, 0.018537500000000002, 0.0097875], [1.0, 0.0, 0.0, 0.0, 0.0, 0.283, 0.283, 0.283], [1.0, 0.0, 0.0, 0.0, 0.0, 0.283, 0.283, 0.283], [1.0, 0.0, 0.0, 0.0, 0.0, 0.283, 0.283, 0.283]]	
('2473140', '14728552', '19599675', '61715291,4744974')	rank:10	pos:1	terms:3	frequency:0	score:1	aggr:[[1.0, 0.0, 0.0, 0.0, 0.0, 0.198037037037037, 0.09433333333333332, 0.09433333333333332], [1.0, 0.0, 0.0, 0.0, 0.0, 0.283, 0.283, 0.283], [1.0, 0.0, 0.0, 0.0, 0.0, 0.283, 0.283, 0.283], [1.0, 0.0, 0.0, 0.0, 0.0, 0.283, 0.283, 0.283], [1.0, 0.0, 0.0, 0.0, 0.0, 0.198037037037037, 0.09433333333333332, 0.09433333333333332], [1.0, 0.0, 0.0, 0.0, 0.0, 0.283, 0.283, 0.283], [1.0, 0.0, 0.0, 0.0, 0.0, 0.283, 0.283, 0.283], [1.0, 0.0, 0.0, 0.0, 0.0, 0.283, 0.283, 0.283]]	
('2473140', '14728552', '18225692', '63428434,4843690')	rank:1	pos:2	terms:4	frequency:0	score:5	aggr:[[1.0, 0.0, 0.0, 0.0, 0.0, 0.283, 0.283, 0.283], [1.0, 0.0, 0.0, 0.0, 0.0, 0.283, 0.283, 0.283], [1.0, 0.0, 0.0, 0.0, 0.0, 0.283, 0.283, 0.283], [1.0, 0.0, 0.0, 0.0, 0.0, 0.283, 0.283, 0.283], [1.0, 0.0, 0.0, 0.0, 0.0, 0.283, 0.283, 0.283], [1.0, 0.0, 0.0, 0.0, 0.0, 0.283, 0.283, 0.283], [1.0, 0.0, 0.0, 0.0, 0.0, 0.283, 0.283, 0.283], [1.0, 0.0, 0.0, 0.0, 0.0, 0.283, 0.283, 0.283]]	
('2473140', '14728552', '18225692', '62305092,4791623')	rank:2	pos:2	terms:4	frequency:0	score:1	aggr:[[1.0, 0.0, 0.0, 0.0, 0.0, 0.36253296703296706, 0.010884615384615383, 0.010884615384615383], [1.0, 0.0, 0.0, 0.0, 0.0, 0.283, 0.283, 0.283], [1.0, 0.0, 0.0, 0.0, 0.0, 0.283, 0.283, 0.283], [1.0, 0.0, 0.0, 0.0, 0.0, 0.283, 0.283, 0.283], [1.0, 0.0, 0.0, 0.0, 0.0, 0.36253296703296706, 0.010884615384615383, 0.010884615384615383], [1.0, 0.0, 0.0, 0.0, 0.0, 0.283, 0.283, 0.283], [1.0, 0.0, 0.0, 0.0, 0.0, 0.283, 0.283, 0.283], [1.0, 0.0, 0.0, 0.0, 0.0, 0.283, 0.283, 0.283]]	
('2473140', '14728552', '18225692', '66281393,5008634')	rank:3	pos:2	terms:4	frequency:0	score:1	aggr:[[1.0, 0.0, 0.0, 0.0, 0.0, 0.16840740740740742, 0.09433333333333332, 0.09433333333333332], [1.0, 0.0, 0.0, 0.0, 0.0, 0.283, 0.283, 0.283], [1.0, 0.0, 0.0, 0.0, 0.0, 0.283, 0.283, 0.283], [1.0, 0.0, 0.0, 0.0, 0.0, 0.283, 0.283, 0.283], [1.0, 0.0, 0.0, 0.0, 0.0, 0.16840740740740742, 0.09433333333333332, 0.09433333333333332], [1.0, 0.0, 0.0, 0.0, 0.0, 0.283, 0.283, 0.283], [1.0, 0.0, 0.0, 0.0, 0.0, 0.283, 0.283, 0.283], [1.0, 0.0, 0.0, 0.0, 0.0, 0.283, 0.283, 0.283]]	
('2473140', '14728552', '18225692', '55011931,4420825')	rank:4	pos:2	terms:4	frequency:0	score:1	aggr:[[1.0, 0.0, 0.0, 0.0, 0.0, 0.1835047619047619, 0.0566, 0.0566], [1.0, 0.0, 0.0, 0.0, 0.0, 0.283, 0.283, 0.283], [1.0, 0.0, 0.0, 0.0, 0.0, 0.283, 0.283, 0.283], [1.0, 0.0, 0.0, 0.0, 0.0, 0.283, 0.283, 0.283], [1.0, 0.0, 0.0, 0.0, 0.0, 0.1835047619047619, 0.0566, 0.0566], [1.0, 0.0, 0.0, 0.0, 0.0, 0.283, 0.283, 0.283], [1.0, 0.0, 0.0, 0.0, 0.0, 0.283, 0.283, 0.283], [1.0, 0.0, 0.0, 0.0, 0.0, 0.283, 0.283, 0.283]]	
('2473140', '14728552', '18225692', '22967464,2312616')	rank:5	pos:2	terms:4	frequency:0	score:1	aggr:[[0.8974358974358975, 0.07692307692307693, 0.0, 0.0, 0.02564102564102564, 0.33647903947903945, 0.04785470085470086, 0.03289743589743589], [1.0, 0.0, 0.0, 0.0, 0.0, 0.283, 0.283, 0.283], [1.0, 0.0, 0.0, 0.0, 0.0, 0.283, 0.283, 0.283], [1.0, 0.0, 0.0, 0.0, 0.0, 0.283, 0.283, 0.283], [0.8974358974358975, 0.07692307692307693, 0.0, 0.0, 0.02564102564102564, 0.33647903947903945, 0.04785470085470086, 0.03289743589743589], [1.0, 0.0, 0.0, 0.0, 0.0, 0.283, 0.283, 0.283], [1.0, 0.0, 0.0, 0.0, 0.0, 0.283, 0.283, 0.283], [1.0, 0.0, 0.0, 0.0, 0.0, 0.283, 0.283, 0.283]]	
('2473140', '14728552', '18225692', '36865617,3422316')	rank:6	pos:2	terms:4	frequency:0	score:1	aggr:[[1.0, 0.0, 0.0, 0.0, 0.0, 0.283, 0.283, 0.283], [1.0, 0.0, 0.0, 0.0, 0.0, 0.283, 0.283, 0.283], [1.0, 0.0, 0.0, 0.0, 0.0, 0.283, 0.283, 0.283], [1.0, 0.0, 0.0, 0.0, 0.0, 0.283, 0.283, 0.283], [1.0, 0.0, 0.0, 0.0, 0.0, 0.283, 0.283, 0.283], [1.0, 0.0, 0.0, 0.0, 0.0, 0.283, 0.283, 0.283], [1.0, 0.0, 0.0, 0.0, 0.0, 0.283, 0.283, 0.283], [1.0, 0.0, 0.0, 0.0, 0.0, 0.283, 0.283, 0.283]]	
('2473140', '14728552', '18225692', '46278330,3960301')	rank:7	pos:2	terms:4	frequency:0	score:1	aggr:[[1.0, 0.0, 0.0, 0.0, 0.0, 0.37867592592592586, 0.02358333333333333, 0.02358333333333333], [1.0, 0.0, 0.0, 0.0, 0.0, 0.283, 0.283, 0.283], [1.0, 0.0, 0.0, 0.0, 0.0, 0.283, 0.283, 0.283], [1.0, 0.0, 0.0, 0.0, 0.0, 0.283, 0.283, 0.283], [1.0, 0.0, 0.0, 0.0, 0.0, 0.37867592592592586, 0.02358333333333333, 0.02358333333333333], [1.0, 0.0, 0.0, 0.0, 0.0, 0.283, 0.283, 0.283], [1.0, 0.0, 0.0, 0.0, 0.0, 0.283, 0.283, 0.283], [1.0, 0.0, 0.0, 0.0, 0.0, 0.283, 0.283, 0.283]]	
('2473140', '14728552', '18225692', '48403060,4091334')	rank:8	pos:2	terms:4	frequency:0	score:1	aggr:[[1.0, 0.0, 0.0, 0.0, 0.0, 0.283, 0.283, 0.283], [1.0, 0.0, 0.0, 0.0, 0.0, 0.283, 0.283, 0.283], [1.0, 0.0, 0.0, 0.0, 0.0, 0.283, 0.283, 0.283], [1.0, 0.0, 0.0, 0.0, 0.0, 0.283, 0.283, 0.283], [1.0, 0.0, 0.0, 0.0, 0.0, 0.283, 0.283, 0.283], [1.0, 0.0, 0.0, 0.0, 0.0, 0.283, 0.283, 0.283], [1.0, 0.0, 0.0, 0.0, 0.0, 0.283, 0.283, 0.283], [1.0, 0.0, 0.0, 0.0, 0.0, 0.283, 0.283, 0.283]]	
('2473140', '14728552', '18225692', '63553627,4850217')	rank:9	pos:2	terms:4	frequency:0	score:1	aggr:[[0.7142857142857143, 0.14285714285714285, 0.0, 0.0, 0.14285714285714285, 0.10709523809523809, 0.08804761904761904, 0.11185714285714285], [1.0, 0.0, 0.0, 0.0, 0.0, 0.283, 0.283, 0.283], [1.0, 0.0, 0.0, 0.0, 0.0, 0.283, 0.283, 0.283], [1.0, 0.0, 0.0, 0.0, 0.0, 0.283, 0.283, 0.283], [0.7142857142857143, 0.14285714285714285, 0.0, 0.0, 0.14285714285714285, 0.10709523809523809, 0.08804761904761904, 0.11185714285714285], [1.0, 0.0, 0.0, 0.0, 0.0, 0.283, 0.283, 0.283], [1.0, 0.0, 0.0, 0.0, 0.0, 0.283, 0.283, 0.283], [1.0, 0.0, 0.0, 0.0, 0.0, 0.283, 0.283, 0.283]]	
('2473140', '14728552', '18225692', '63408633,4843469')	rank:10	pos:2	terms:4	frequency:0	score:1	aggr:[[1.0, 0.0, 0.0, 0.0, 0.0, 0.1529002267573696, 0.040428571428571425, 0.040428571428571425], [1.0, 0.0, 0.0, 0.0, 0.0, 0.283, 0.283, 0.283], [1.0, 0.0, 0.0, 0.0, 0.0, 0.283, 0.283, 0.283], [1.0, 0.0, 0.0, 0.0, 0.0, 0.283, 0.283, 0.283], [1.0, 0.0, 0.0, 0.0, 0.0, 0.1529002267573696, 0.040428571428571425, 0.040428571428571425], [1.0, 0.0, 0.0, 0.0, 0.0, 0.283, 0.283, 0.283], [1.0, 0.0, 0.0, 0.0, 0.0, 0.283, 0.283, 0.283], [1.0, 0.0, 0.0, 0.0, 0.0, 0.283, 0.283, 0.283]]	
