num_query:15	num_avg_terms:2.73333333333	num_clicks6:3	num_clicks35:0	num_clicks12:1	
('51', '282', '16982216', '41704563,3706312')	rank:1	pos:2	terms:4	frequency:0	score:5	aggr:[[0.6666666666666666, 0.0, 0.0, 0.0, 0.3333333333333333, 0.26099999999999995, 0.09433333333333332, 0.42766666666666664], [1.0, 0.0, 0.0, 0.0, 0.0, 0.283, 0.283, 0.283], [1.0, 0.0, 0.0, 0.0, 0.0, 0.283, 0.283, 0.283], [1.0, 0.0, 0.0, 0.0, 0.0, 0.283, 0.283, 0.283], [0.6666666666666666, 0.0, 0.0, 0.0, 0.3333333333333333, 0.26099999999999995, 0.09433333333333332, 0.42766666666666664], [1.0, 0.0, 0.0, 0.0, 0.0, 0.283, 0.283, 0.283], [1.0, 0.0, 0.0, 0.0, 0.0, 0.283, 0.283, 0.283], [1.0, 0.0, 0.0, 0.0, 0.0, 0.283, 0.283, 0.283]]	
('51', '282', '16982216', '50429869,4216898')	rank:2	pos:2	terms:4	frequency:0	score:2	aggr:[[0.8571428571428571, 0.07142857142857142, 0.0, 0.0, 0.07142857142857142, 0.3044948979591836, 0.08153571428571428, 0.06367857142857143], [1.0, 0.0, 0.0, 0.0, 0.0, 0.30816666666666664, 0.1415, 0.1415], [1.0, 0.0, 0.0, 0.0, 0.0, 0.283, 0.283, 0.283], [1.0, 0.0, 0.0, 0.0, 0.0, 0.283, 0.283, 0.283], [0.8571428571428571, 0.07142857142857142, 0.0, 0.0, 0.07142857142857142, 0.3044948979591836, 0.08153571428571428, 0.06367857142857143], [1.0, 0.0, 0.0, 0.0, 0.0, 0.30816666666666664, 0.1415, 0.1415], [1.0, 0.0, 0.0, 0.0, 0.0, 0.283, 0.283, 0.283], [1.0, 0.0, 0.0, 0.0, 0.0, 0.283, 0.283, 0.283]]	
('51', '282', '16982216', '47707970,4032968')	rank:3	pos:2	terms:4	frequency:0	score:2	aggr:[[1.0, 0.0, 0.0, 0.0, 0.0, 0.30861904761904757, 0.09433333333333332, 0.09433333333333332], [1.0, 0.0, 0.0, 0.0, 0.0, 0.283, 0.283, 0.283], [1.0, 0.0, 0.0, 0.0, 0.0, 0.283, 0.283, 0.283], [1.0, 0.0, 0.0, 0.0, 0.0, 0.283, 0.283, 0.283], [1.0, 0.0, 0.0, 0.0, 0.0, 0.30861904761904757, 0.09433333333333332, 0.09433333333333332], [1.0, 0.0, 0.0, 0.0, 0.0, 0.283, 0.283, 0.283], [1.0, 0.0, 0.0, 0.0, 0.0, 0.283, 0.283, 0.283], [1.0, 0.0, 0.0, 0.0, 0.0, 0.283, 0.283, 0.283]]	
('51', '282', '16982216', '23244521,2340134')	rank:4	pos:2	terms:4	frequency:0	score:3	aggr:[[1.0, 0.0, 0.0, 0.0, 0.0, 0.204, 0.1415, 0.1415], [1.0, 0.0, 0.0, 0.0, 0.0, 0.283, 0.283, 0.283], [1.0, 0.0, 0.0, 0.0, 0.0, 0.283, 0.283, 0.283], [1.0, 0.0, 0.0, 0.0, 0.0, 0.283, 0.283, 0.283], [1.0, 0.0, 0.0, 0.0, 0.0, 0.204, 0.1415, 0.1415], [1.0, 0.0, 0.0, 0.0, 0.0, 0.283, 0.283, 0.283], [1.0, 0.0, 0.0, 0.0, 0.0, 0.283, 0.283, 0.283], [1.0, 0.0, 0.0, 0.0, 0.0, 0.283, 0.283, 0.283]]	
('51', '282', '16982216', '50418727,4216838')	rank:5	pos:2	terms:4	frequency:0	score:1	aggr:[[1.0, 0.0, 0.0, 0.0, 0.0, 0.14802380952380953, 0.035375, 0.035375], [1.0, 0.0, 0.0, 0.0, 0.0, 0.22483333333333333, 0.1415, 0.1415], [1.0, 0.0, 0.0, 0.0, 0.0, 0.283, 0.283, 0.283], [1.0, 0.0, 0.0, 0.0, 0.0, 0.283, 0.283, 0.283], [1.0, 0.0, 0.0, 0.0, 0.0, 0.14802380952380953, 0.035375, 0.035375], [1.0, 0.0, 0.0, 0.0, 0.0, 0.22483333333333333, 0.1415, 0.1415], [1.0, 0.0, 0.0, 0.0, 0.0, 0.283, 0.283, 0.283], [1.0, 0.0, 0.0, 0.0, 0.0, 0.283, 0.283, 0.283]]	
('51', '282', '16982216', '23271414,2340618')	rank:6	pos:2	terms:4	frequency:0	score:1	aggr:[[1.0, 0.0, 0.0, 0.0, 0.0, 0.1770805860805861, 0.021769230769230766, 0.021769230769230766], [1.0, 0.0, 0.0, 0.0, 0.0, 0.283, 0.283, 0.283], [1.0, 0.0, 0.0, 0.0, 0.0, 0.283, 0.283, 0.283], [1.0, 0.0, 0.0, 0.0, 0.0, 0.283, 0.283, 0.283], [1.0, 0.0, 0.0, 0.0, 0.0, 0.1770805860805861, 0.021769230769230766, 0.021769230769230766], [1.0, 0.0, 0.0, 0.0, 0.0, 0.283, 0.283, 0.283], [1.0, 0.0, 0.0, 0.0, 0.0, 0.283, 0.283, 0.283], [1.0, 0.0, 0.0, 0.0, 0.0, 0.283, 0.283, 0.283]]	
('51', '282', '16982216', '57262930,4526067')	rank:7	pos:2	terms:4	frequency:0	score:1	aggr:[[0.8333333333333334, 0.16666666666666666, 0.0, 0.0, 0.0, 0.1134973544973545, 0.07913888888888888, 0.02358333333333333], [1.0, 0.0, 0.0, 0.0, 0.0, 0.19705555555555554, 0.1415, 0.1415], [1.0, 0.0, 0.0, 0.0, 0.0, 0.283, 0.283, 0.283], [1.0, 0.0, 0.0, 0.0, 0.0, 0.283, 0.283, 0.283], [0.8333333333333334, 0.16666666666666666, 0.0, 0.0, 0.0, 0.1134973544973545, 0.07913888888888888, 0.02358333333333333], [1.0, 0.0, 0.0, 0.0, 0.0, 0.19705555555555554, 0.1415, 0.1415], [1.0, 0.0, 0.0, 0.0, 0.0, 0.283, 0.283, 0.283], [1.0, 0.0, 0.0, 0.0, 0.0, 0.283, 0.283, 0.283]]	
('51', '282', '16982216', '37216928,3442758')	rank:8	pos:2	terms:4	frequency:0	score:1	aggr:[[0.8181818181818182, 0.07272727272727272, 0.01818181818181818, 0.0, 0.09090909090909091, 0.145621645021645, 0.037569696969696975, 0.08393333333333333], [1.0, 0.0, 0.0, 0.0, 0.0, 0.283, 0.283, 0.283], [1.0, 0.0, 0.0, 0.0, 0.0, 0.283, 0.283, 0.283], [1.0, 0.0, 0.0, 0.0, 0.0, 0.283, 0.283, 0.283], [0.8181818181818182, 0.07272727272727272, 0.01818181818181818, 0.0, 0.09090909090909091, 0.145621645021645, 0.037569696969696975, 0.08393333333333333], [1.0, 0.0, 0.0, 0.0, 0.0, 0.283, 0.283, 0.283], [1.0, 0.0, 0.0, 0.0, 0.0, 0.283, 0.283, 0.283], [1.0, 0.0, 0.0, 0.0, 0.0, 0.283, 0.283, 0.283]]	
('51', '282', '16982216', '50503525,4217490')	rank:9	pos:2	terms:4	frequency:0	score:1	aggr:[[1.0, 0.0, 0.0, 0.0, 0.0, 0.1981904761904762, 0.020214285714285712, 0.020214285714285712], [1.0, 0.0, 0.0, 0.0, 0.0, 0.283, 0.283, 0.283], [1.0, 0.0, 0.0, 0.0, 0.0, 0.283, 0.283, 0.283], [1.0, 0.0, 0.0, 0.0, 0.0, 0.283, 0.283, 0.283], [1.0, 0.0, 0.0, 0.0, 0.0, 0.1981904761904762, 0.020214285714285712, 0.020214285714285712], [1.0, 0.0, 0.0, 0.0, 0.0, 0.283, 0.283, 0.283], [1.0, 0.0, 0.0, 0.0, 0.0, 0.283, 0.283, 0.283], [1.0, 0.0, 0.0, 0.0, 0.0, 0.283, 0.283, 0.283]]	
('51', '282', '16982216', '23008490,2312697')	rank:10	pos:2	terms:4	frequency:0	score:1	aggr:[[0.8974358974358975, 0.05128205128205128, 0.02564102564102564, 0.0, 0.02564102564102564, 0.2428070818070817, 0.021485347985347982, 0.033664835164835163], [1.0, 0.0, 0.0, 0.0, 0.0, 0.2415, 0.1415, 0.1415], [1.0, 0.0, 0.0, 0.0, 0.0, 0.283, 0.283, 0.283], [1.0, 0.0, 0.0, 0.0, 0.0, 0.283, 0.283, 0.283], [0.8974358974358975, 0.05128205128205128, 0.02564102564102564, 0.0, 0.02564102564102564, 0.2428070818070817, 0.021485347985347982, 0.033664835164835163], [1.0, 0.0, 0.0, 0.0, 0.0, 0.2415, 0.1415, 0.1415], [1.0, 0.0, 0.0, 0.0, 0.0, 0.283, 0.283, 0.283], [1.0, 0.0, 0.0, 0.0, 0.0, 0.283, 0.283, 0.283]]	
('51', '285', '13656182', '36871737,3422966')	rank:1	pos:1	terms:6	frequency:0	score:1	aggr:[[1.0, 0.0, 0.0, 0.0, 0.0, 0.283, 0.283, 0.283], [1.0, 0.0, 0.0, 0.0, 0.0, 0.283, 0.283, 0.283], [1.0, 0.0, 0.0, 0.0, 0.0, 0.283, 0.283, 0.283], [1.0, 0.0, 0.0, 0.0, 0.0, 0.283, 0.283, 0.283], [1.0, 0.0, 0.0, 0.0, 0.0, 0.283, 0.283, 0.283], [1.0, 0.0, 0.0, 0.0, 0.0, 0.283, 0.283, 0.283], [1.0, 0.0, 0.0, 0.0, 0.0, 0.283, 0.283, 0.283], [1.0, 0.0, 0.0, 0.0, 0.0, 0.283, 0.283, 0.283]]	
('51', '285', '13656182', '52204783,4293854')	rank:2	pos:1	terms:6	frequency:0	score:1	aggr:[[1.0, 0.0, 0.0, 0.0, 0.0, 0.18424206349206346, 0.07075, 0.07075], [1.0, 0.0, 0.0, 0.0, 0.0, 0.283, 0.283, 0.283], [1.0, 0.0, 0.0, 0.0, 0.0, 0.283, 0.283, 0.283], [1.0, 0.0, 0.0, 0.0, 0.0, 0.283, 0.283, 0.283], [1.0, 0.0, 0.0, 0.0, 0.0, 0.18424206349206346, 0.07075, 0.07075], [1.0, 0.0, 0.0, 0.0, 0.0, 0.283, 0.283, 0.283], [1.0, 0.0, 0.0, 0.0, 0.0, 0.283, 0.283, 0.283], [1.0, 0.0, 0.0, 0.0, 0.0, 0.283, 0.283, 0.283]]	
('51', '285', '13656182', '45422980,3917169')	rank:3	pos:1	terms:6	frequency:0	score:1	aggr:[[1.0, 0.0, 0.0, 0.0, 0.0, 0.283, 0.283, 0.283], [1.0, 0.0, 0.0, 0.0, 0.0, 0.283, 0.283, 0.283], [1.0, 0.0, 0.0, 0.0, 0.0, 0.283, 0.283, 0.283], [1.0, 0.0, 0.0, 0.0, 0.0, 0.283, 0.283, 0.283], [1.0, 0.0, 0.0, 0.0, 0.0, 0.283, 0.283, 0.283], [1.0, 0.0, 0.0, 0.0, 0.0, 0.283, 0.283, 0.283], [1.0, 0.0, 0.0, 0.0, 0.0, 0.283, 0.283, 0.283], [1.0, 0.0, 0.0, 0.0, 0.0, 0.283, 0.283, 0.283]]	
('51', '285', '13656182', '1074957,161492')	rank:4	pos:1	terms:6	frequency:0	score:1	aggr:[[1.0, 0.0, 0.0, 0.0, 0.0, 0.283, 0.283, 0.283], [1.0, 0.0, 0.0, 0.0, 0.0, 0.283, 0.283, 0.283], [1.0, 0.0, 0.0, 0.0, 0.0, 0.283, 0.283, 0.283], [1.0, 0.0, 0.0, 0.0, 0.0, 0.283, 0.283, 0.283], [1.0, 0.0, 0.0, 0.0, 0.0, 0.283, 0.283, 0.283], [1.0, 0.0, 0.0, 0.0, 0.0, 0.283, 0.283, 0.283], [1.0, 0.0, 0.0, 0.0, 0.0, 0.283, 0.283, 0.283], [1.0, 0.0, 0.0, 0.0, 0.0, 0.283, 0.283, 0.283]]	
('51', '285', '13656182', '47405615,4022383')	rank:5	pos:1	terms:6	frequency:0	score:1	aggr:[[1.0, 0.0, 0.0, 0.0, 0.0, 0.283, 0.283, 0.283], [1.0, 0.0, 0.0, 0.0, 0.0, 0.283, 0.283, 0.283], [1.0, 0.0, 0.0, 0.0, 0.0, 0.283, 0.283, 0.283], [1.0, 0.0, 0.0, 0.0, 0.0, 0.283, 0.283, 0.283], [1.0, 0.0, 0.0, 0.0, 0.0, 0.283, 0.283, 0.283], [1.0, 0.0, 0.0, 0.0, 0.0, 0.283, 0.283, 0.283], [1.0, 0.0, 0.0, 0.0, 0.0, 0.283, 0.283, 0.283], [1.0, 0.0, 0.0, 0.0, 0.0, 0.283, 0.283, 0.283]]	
('51', '285', '13656182', '64338614,4889028')	rank:6	pos:1	terms:6	frequency:0	score:1	aggr:[[1.0, 0.0, 0.0, 0.0, 0.0, 0.283, 0.283, 0.283], [1.0, 0.0, 0.0, 0.0, 0.0, 0.283, 0.283, 0.283], [1.0, 0.0, 0.0, 0.0, 0.0, 0.283, 0.283, 0.283], [1.0, 0.0, 0.0, 0.0, 0.0, 0.283, 0.283, 0.283], [1.0, 0.0, 0.0, 0.0, 0.0, 0.283, 0.283, 0.283], [1.0, 0.0, 0.0, 0.0, 0.0, 0.283, 0.283, 0.283], [1.0, 0.0, 0.0, 0.0, 0.0, 0.283, 0.283, 0.283], [1.0, 0.0, 0.0, 0.0, 0.0, 0.283, 0.283, 0.283]]	
('51', '285', '13656182', '59515241,4639844')	rank:7	pos:1	terms:6	frequency:0	score:1	aggr:[[0.5, 0.5, 0.0, 0.0, 0.0, 0.1415, 0.6415, 0.1415], [1.0, 0.0, 0.0, 0.0, 0.0, 0.283, 0.283, 0.283], [1.0, 0.0, 0.0, 0.0, 0.0, 0.283, 0.283, 0.283], [1.0, 0.0, 0.0, 0.0, 0.0, 0.283, 0.283, 0.283], [0.5, 0.5, 0.0, 0.0, 0.0, 0.1415, 0.6415, 0.1415], [1.0, 0.0, 0.0, 0.0, 0.0, 0.283, 0.283, 0.283], [1.0, 0.0, 0.0, 0.0, 0.0, 0.283, 0.283, 0.283], [1.0, 0.0, 0.0, 0.0, 0.0, 0.283, 0.283, 0.283]]	
('51', '285', '13656182', '16707632,1737021')	rank:8	pos:1	terms:6	frequency:0	score:1	aggr:[[1.0, 0.0, 0.0, 0.0, 0.0, 0.283, 0.283, 0.283], [1.0, 0.0, 0.0, 0.0, 0.0, 0.283, 0.283, 0.283], [1.0, 0.0, 0.0, 0.0, 0.0, 0.283, 0.283, 0.283], [1.0, 0.0, 0.0, 0.0, 0.0, 0.283, 0.283, 0.283], [1.0, 0.0, 0.0, 0.0, 0.0, 0.283, 0.283, 0.283], [1.0, 0.0, 0.0, 0.0, 0.0, 0.283, 0.283, 0.283], [1.0, 0.0, 0.0, 0.0, 0.0, 0.283, 0.283, 0.283], [1.0, 0.0, 0.0, 0.0, 0.0, 0.283, 0.283, 0.283]]	
('51', '285', '13656182', '53686817,4361863')	rank:9	pos:1	terms:6	frequency:0	score:1	aggr:[[1.0, 0.0, 0.0, 0.0, 0.0, 0.22483333333333333, 0.1415, 0.1415], [1.0, 0.0, 0.0, 0.0, 0.0, 0.283, 0.283, 0.283], [1.0, 0.0, 0.0, 0.0, 0.0, 0.283, 0.283, 0.283], [1.0, 0.0, 0.0, 0.0, 0.0, 0.283, 0.283, 0.283], [1.0, 0.0, 0.0, 0.0, 0.0, 0.22483333333333333, 0.1415, 0.1415], [1.0, 0.0, 0.0, 0.0, 0.0, 0.283, 0.283, 0.283], [1.0, 0.0, 0.0, 0.0, 0.0, 0.283, 0.283, 0.283], [1.0, 0.0, 0.0, 0.0, 0.0, 0.283, 0.283, 0.283]]	
('51', '285', '13656182', '58647702,4598673')	rank:10	pos:1	terms:6	frequency:0	score:1	aggr:[[1.0, 0.0, 0.0, 0.0, 0.0, 0.283, 0.283, 0.283], [1.0, 0.0, 0.0, 0.0, 0.0, 0.283, 0.283, 0.283], [1.0, 0.0, 0.0, 0.0, 0.0, 0.283, 0.283, 0.283], [1.0, 0.0, 0.0, 0.0, 0.0, 0.283, 0.283, 0.283], [1.0, 0.0, 0.0, 0.0, 0.0, 0.283, 0.283, 0.283], [1.0, 0.0, 0.0, 0.0, 0.0, 0.283, 0.283, 0.283], [1.0, 0.0, 0.0, 0.0, 0.0, 0.283, 0.283, 0.283], [1.0, 0.0, 0.0, 0.0, 0.0, 0.283, 0.283, 0.283]]	
('51', '285', '10023135', '50429869,4216898')	rank:1	pos:2	terms:4	frequency:0	score:2	aggr:[[0.8571428571428571, 0.07142857142857142, 0.0, 0.0, 0.07142857142857142, 0.3044948979591836, 0.08153571428571428, 0.06367857142857143], [1.0, 0.0, 0.0, 0.0, 0.0, 0.30816666666666664, 0.1415, 0.1415], [1.0, 0.0, 0.0, 0.0, 0.0, 0.283, 0.283, 0.283], [1.0, 0.0, 0.0, 0.0, 0.0, 0.283, 0.283, 0.283], [0.8571428571428571, 0.07142857142857142, 0.0, 0.0, 0.07142857142857142, 0.3044948979591836, 0.08153571428571428, 0.06367857142857143], [1.0, 0.0, 0.0, 0.0, 0.0, 0.30816666666666664, 0.1415, 0.1415], [1.0, 0.0, 0.0, 0.0, 0.0, 0.283, 0.283, 0.283], [1.0, 0.0, 0.0, 0.0, 0.0, 0.283, 0.283, 0.283]]	
('51', '285', '10023135', '50429803,4216898')	rank:2	pos:2	terms:4	frequency:0	score:2	aggr:[[0.8571428571428571, 0.07142857142857142, 0.0, 0.0, 0.07142857142857142, 0.3044948979591836, 0.08153571428571428, 0.06367857142857143], [1.0, 0.0, 0.0, 0.0, 0.0, 0.3276666666666666, 0.09433333333333332, 0.09433333333333332], [1.0, 0.0, 0.0, 0.0, 0.0, 0.283, 0.283, 0.283], [1.0, 0.0, 0.0, 0.0, 0.0, 0.283, 0.283, 0.283], [0.8571428571428571, 0.07142857142857142, 0.0, 0.0, 0.07142857142857142, 0.3044948979591836, 0.08153571428571428, 0.06367857142857143], [1.0, 0.0, 0.0, 0.0, 0.0, 0.3276666666666666, 0.09433333333333332, 0.09433333333333332], [1.0, 0.0, 0.0, 0.0, 0.0, 0.283, 0.283, 0.283], [1.0, 0.0, 0.0, 0.0, 0.0, 0.283, 0.283, 0.283]]	
('51', '285', '10023135', '41704591,3706312')	rank:3	pos:2	terms:4	frequency:0	score:5	aggr:[[0.6666666666666666, 0.0, 0.0, 0.0, 0.3333333333333333, 0.26099999999999995, 0.09433333333333332, 0.42766666666666664], [1.0, 0.0, 0.0, 0.0, 0.0, 0.283, 0.283, 0.283], [1.0, 0.0, 0.0, 0.0, 0.0, 0.283, 0.283, 0.283], [1.0, 0.0, 0.0, 0.0, 0.0, 0.283, 0.283, 0.283], [0.6666666666666666, 0.0, 0.0, 0.0, 0.3333333333333333, 0.26099999999999995, 0.09433333333333332, 0.42766666666666664], [1.0, 0.0, 0.0, 0.0, 0.0, 0.283, 0.283, 0.283], [1.0, 0.0, 0.0, 0.0, 0.0, 0.283, 0.283, 0.283], [1.0, 0.0, 0.0, 0.0, 0.0, 0.283, 0.283, 0.283]]	
('51', '285', '10023135', '41705364,3706312')	rank:4	pos:2	terms:4	frequency:0	score:1	aggr:[[0.6666666666666666, 0.0, 0.0, 0.0, 0.3333333333333333, 0.26099999999999995, 0.09433333333333332, 0.42766666666666664], [0.5, 0.0, 0.0, 0.0, 0.5, 0.1415, 0.1415, 0.6415], [1.0, 0.0, 0.0, 0.0, 0.0, 0.283, 0.283, 0.283], [1.0, 0.0, 0.0, 0.0, 0.0, 0.283, 0.283, 0.283], [0.6666666666666666, 0.0, 0.0, 0.0, 0.3333333333333333, 0.26099999999999995, 0.09433333333333332, 0.42766666666666664], [0.5, 0.0, 0.0, 0.0, 0.5, 0.1415, 0.1415, 0.6415], [1.0, 0.0, 0.0, 0.0, 0.0, 0.283, 0.283, 0.283], [1.0, 0.0, 0.0, 0.0, 0.0, 0.283, 0.283, 0.283]]	
('51', '285', '10023135', '50418727,4216838')	rank:5	pos:2	terms:4	frequency:0	score:1	aggr:[[1.0, 0.0, 0.0, 0.0, 0.0, 0.14802380952380953, 0.035375, 0.035375], [1.0, 0.0, 0.0, 0.0, 0.0, 0.22483333333333333, 0.1415, 0.1415], [1.0, 0.0, 0.0, 0.0, 0.0, 0.283, 0.283, 0.283], [1.0, 0.0, 0.0, 0.0, 0.0, 0.283, 0.283, 0.283], [1.0, 0.0, 0.0, 0.0, 0.0, 0.14802380952380953, 0.035375, 0.035375], [1.0, 0.0, 0.0, 0.0, 0.0, 0.22483333333333333, 0.1415, 0.1415], [1.0, 0.0, 0.0, 0.0, 0.0, 0.283, 0.283, 0.283], [1.0, 0.0, 0.0, 0.0, 0.0, 0.283, 0.283, 0.283]]	
('51', '285', '10023135', '57262930,4526067')	rank:6	pos:2	terms:4	frequency:0	score:1	aggr:[[0.8333333333333334, 0.16666666666666666, 0.0, 0.0, 0.0, 0.1134973544973545, 0.07913888888888888, 0.02358333333333333], [1.0, 0.0, 0.0, 0.0, 0.0, 0.19705555555555554, 0.1415, 0.1415], [1.0, 0.0, 0.0, 0.0, 0.0, 0.283, 0.283, 0.283], [1.0, 0.0, 0.0, 0.0, 0.0, 0.283, 0.283, 0.283], [0.8333333333333334, 0.16666666666666666, 0.0, 0.0, 0.0, 0.1134973544973545, 0.07913888888888888, 0.02358333333333333], [1.0, 0.0, 0.0, 0.0, 0.0, 0.19705555555555554, 0.1415, 0.1415], [1.0, 0.0, 0.0, 0.0, 0.0, 0.283, 0.283, 0.283], [1.0, 0.0, 0.0, 0.0, 0.0, 0.283, 0.283, 0.283]]	
('51', '285', '10023135', '29325033,2863499')	rank:7	pos:2	terms:4	frequency:0	score:1	aggr:[[1.0, 0.0, 0.0, 0.0, 0.0, 0.283, 0.283, 0.283], [1.0, 0.0, 0.0, 0.0, 0.0, 0.283, 0.283, 0.283], [1.0, 0.0, 0.0, 0.0, 0.0, 0.283, 0.283, 0.283], [1.0, 0.0, 0.0, 0.0, 0.0, 0.283, 0.283, 0.283], [1.0, 0.0, 0.0, 0.0, 0.0, 0.283, 0.283, 0.283], [1.0, 0.0, 0.0, 0.0, 0.0, 0.283, 0.283, 0.283], [1.0, 0.0, 0.0, 0.0, 0.0, 0.283, 0.283, 0.283], [1.0, 0.0, 0.0, 0.0, 0.0, 0.283, 0.283, 0.283]]	
('51', '285', '10023135', '47708084,4032968')	rank:8	pos:2	terms:4	frequency:0	score:1	aggr:[[1.0, 0.0, 0.0, 0.0, 0.0, 0.30861904761904757, 0.09433333333333332, 0.09433333333333332], [1.0, 0.0, 0.0, 0.0, 0.0, 0.283, 0.283, 0.283], [1.0, 0.0, 0.0, 0.0, 0.0, 0.283, 0.283, 0.283], [1.0, 0.0, 0.0, 0.0, 0.0, 0.283, 0.283, 0.283], [1.0, 0.0, 0.0, 0.0, 0.0, 0.30861904761904757, 0.09433333333333332, 0.09433333333333332], [1.0, 0.0, 0.0, 0.0, 0.0, 0.283, 0.283, 0.283], [1.0, 0.0, 0.0, 0.0, 0.0, 0.283, 0.283, 0.283], [1.0, 0.0, 0.0, 0.0, 0.0, 0.283, 0.283, 0.283]]	
('51', '285', '10023135', '50285549,4208752')	rank:9	pos:2	terms:4	frequency:0	score:1	aggr:[[1.0, 0.0, 0.0, 0.0, 0.0, 0.204, 0.1415, 0.1415], [1.0, 0.0, 0.0, 0.0, 0.0, 0.204, 0.1415, 0.1415], [1.0, 0.0, 0.0, 0.0, 0.0, 0.283, 0.283, 0.283], [1.0, 0.0, 0.0, 0.0, 0.0, 0.283, 0.283, 0.283], [1.0, 0.0, 0.0, 0.0, 0.0, 0.204, 0.1415, 0.1415], [1.0, 0.0, 0.0, 0.0, 0.0, 0.204, 0.1415, 0.1415], [1.0, 0.0, 0.0, 0.0, 0.0, 0.283, 0.283, 0.283], [1.0, 0.0, 0.0, 0.0, 0.0, 0.283, 0.283, 0.283]]	
('51', '285', '10023135', '50503525,4217490')	rank:10	pos:2	terms:4	frequency:0	score:1	aggr:[[1.0, 0.0, 0.0, 0.0, 0.0, 0.1981904761904762, 0.020214285714285712, 0.020214285714285712], [1.0, 0.0, 0.0, 0.0, 0.0, 0.283, 0.283, 0.283], [1.0, 0.0, 0.0, 0.0, 0.0, 0.283, 0.283, 0.283], [1.0, 0.0, 0.0, 0.0, 0.0, 0.283, 0.283, 0.283], [1.0, 0.0, 0.0, 0.0, 0.0, 0.1981904761904762, 0.020214285714285712, 0.020214285714285712], [1.0, 0.0, 0.0, 0.0, 0.0, 0.283, 0.283, 0.283], [1.0, 0.0, 0.0, 0.0, 0.0, 0.283, 0.283, 0.283], [1.0, 0.0, 0.0, 0.0, 0.0, 0.283, 0.283, 0.283]]	
('51', '286', '10023135', '50429869,4216898')	rank:1	pos:1	terms:4	frequency:0	score:1	aggr:[[0.8571428571428571, 0.07142857142857142, 0.0, 0.0, 0.07142857142857142, 0.3044948979591836, 0.08153571428571428, 0.06367857142857143], [1.0, 0.0, 0.0, 0.0, 0.0, 0.30816666666666664, 0.1415, 0.1415], [1.0, 0.0, 0.0, 0.0, 0.0, 0.283, 0.283, 0.283], [1.0, 0.0, 0.0, 0.0, 0.0, 0.283, 0.283, 0.283], [0.8571428571428571, 0.07142857142857142, 0.0, 0.0, 0.07142857142857142, 0.3044948979591836, 0.08153571428571428, 0.06367857142857143], [1.0, 0.0, 0.0, 0.0, 0.0, 0.30816666666666664, 0.1415, 0.1415], [1.0, 0.0, 0.0, 0.0, 0.0, 0.283, 0.283, 0.283], [1.0, 0.0, 0.0, 0.0, 0.0, 0.283, 0.283, 0.283]]	
('51', '286', '10023135', '50429803,4216898')	rank:2	pos:1	terms:4	frequency:0	score:1	aggr:[[0.8571428571428571, 0.07142857142857142, 0.0, 0.0, 0.07142857142857142, 0.3044948979591836, 0.08153571428571428, 0.06367857142857143], [1.0, 0.0, 0.0, 0.0, 0.0, 0.3276666666666666, 0.09433333333333332, 0.09433333333333332], [1.0, 0.0, 0.0, 0.0, 0.0, 0.283, 0.283, 0.283], [1.0, 0.0, 0.0, 0.0, 0.0, 0.283, 0.283, 0.283], [0.8571428571428571, 0.07142857142857142, 0.0, 0.0, 0.07142857142857142, 0.3044948979591836, 0.08153571428571428, 0.06367857142857143], [1.0, 0.0, 0.0, 0.0, 0.0, 0.3276666666666666, 0.09433333333333332, 0.09433333333333332], [1.0, 0.0, 0.0, 0.0, 0.0, 0.283, 0.283, 0.283], [1.0, 0.0, 0.0, 0.0, 0.0, 0.283, 0.283, 0.283]]	
('51', '286', '10023135', '41704591,3706312')	rank:3	pos:1	terms:4	frequency:0	score:1	aggr:[[0.6666666666666666, 0.0, 0.0, 0.0, 0.3333333333333333, 0.26099999999999995, 0.09433333333333332, 0.42766666666666664], [1.0, 0.0, 0.0, 0.0, 0.0, 0.283, 0.283, 0.283], [1.0, 0.0, 0.0, 0.0, 0.0, 0.283, 0.283, 0.283], [1.0, 0.0, 0.0, 0.0, 0.0, 0.283, 0.283, 0.283], [0.6666666666666666, 0.0, 0.0, 0.0, 0.3333333333333333, 0.26099999999999995, 0.09433333333333332, 0.42766666666666664], [1.0, 0.0, 0.0, 0.0, 0.0, 0.283, 0.283, 0.283], [1.0, 0.0, 0.0, 0.0, 0.0, 0.283, 0.283, 0.283], [1.0, 0.0, 0.0, 0.0, 0.0, 0.283, 0.283, 0.283]]	
('51', '286', '10023135', '41705364,3706312')	rank:4	pos:1	terms:4	frequency:0	score:1	aggr:[[0.6666666666666666, 0.0, 0.0, 0.0, 0.3333333333333333, 0.26099999999999995, 0.09433333333333332, 0.42766666666666664], [0.5, 0.0, 0.0, 0.0, 0.5, 0.1415, 0.1415, 0.6415], [1.0, 0.0, 0.0, 0.0, 0.0, 0.283, 0.283, 0.283], [1.0, 0.0, 0.0, 0.0, 0.0, 0.283, 0.283, 0.283], [0.6666666666666666, 0.0, 0.0, 0.0, 0.3333333333333333, 0.26099999999999995, 0.09433333333333332, 0.42766666666666664], [0.5, 0.0, 0.0, 0.0, 0.5, 0.1415, 0.1415, 0.6415], [1.0, 0.0, 0.0, 0.0, 0.0, 0.283, 0.283, 0.283], [1.0, 0.0, 0.0, 0.0, 0.0, 0.283, 0.283, 0.283]]	
('51', '286', '10023135', '50418727,4216838')	rank:5	pos:1	terms:4	frequency:0	score:1	aggr:[[1.0, 0.0, 0.0, 0.0, 0.0, 0.14802380952380953, 0.035375, 0.035375], [1.0, 0.0, 0.0, 0.0, 0.0, 0.22483333333333333, 0.1415, 0.1415], [1.0, 0.0, 0.0, 0.0, 0.0, 0.283, 0.283, 0.283], [1.0, 0.0, 0.0, 0.0, 0.0, 0.283, 0.283, 0.283], [1.0, 0.0, 0.0, 0.0, 0.0, 0.14802380952380953, 0.035375, 0.035375], [1.0, 0.0, 0.0, 0.0, 0.0, 0.22483333333333333, 0.1415, 0.1415], [1.0, 0.0, 0.0, 0.0, 0.0, 0.283, 0.283, 0.283], [1.0, 0.0, 0.0, 0.0, 0.0, 0.283, 0.283, 0.283]]	
('51', '286', '10023135', '57262930,4526067')	rank:6	pos:1	terms:4	frequency:0	score:1	aggr:[[0.8333333333333334, 0.16666666666666666, 0.0, 0.0, 0.0, 0.1134973544973545, 0.07913888888888888, 0.02358333333333333], [1.0, 0.0, 0.0, 0.0, 0.0, 0.19705555555555554, 0.1415, 0.1415], [1.0, 0.0, 0.0, 0.0, 0.0, 0.283, 0.283, 0.283], [1.0, 0.0, 0.0, 0.0, 0.0, 0.283, 0.283, 0.283], [0.8333333333333334, 0.16666666666666666, 0.0, 0.0, 0.0, 0.1134973544973545, 0.07913888888888888, 0.02358333333333333], [1.0, 0.0, 0.0, 0.0, 0.0, 0.19705555555555554, 0.1415, 0.1415], [1.0, 0.0, 0.0, 0.0, 0.0, 0.283, 0.283, 0.283], [1.0, 0.0, 0.0, 0.0, 0.0, 0.283, 0.283, 0.283]]	
('51', '286', '10023135', '23000404,2312697')	rank:7	pos:1	terms:4	frequency:0	score:1	aggr:[[0.8974358974358975, 0.05128205128205128, 0.02564102564102564, 0.0, 0.02564102564102564, 0.2428070818070817, 0.021485347985347982, 0.033664835164835163], [1.0, 0.0, 0.0, 0.0, 0.0, 0.24659999999999999, 0.0566, 0.0566], [1.0, 0.0, 0.0, 0.0, 0.0, 0.283, 0.283, 0.283], [1.0, 0.0, 0.0, 0.0, 0.0, 0.283, 0.283, 0.283], [0.8974358974358975, 0.05128205128205128, 0.02564102564102564, 0.0, 0.02564102564102564, 0.2428070818070817, 0.021485347985347982, 0.033664835164835163], [1.0, 0.0, 0.0, 0.0, 0.0, 0.24659999999999999, 0.0566, 0.0566], [1.0, 0.0, 0.0, 0.0, 0.0, 0.283, 0.283, 0.283], [1.0, 0.0, 0.0, 0.0, 0.0, 0.283, 0.283, 0.283]]	
('51', '286', '10023135', '23271414,2340618')	rank:8	pos:1	terms:4	frequency:0	score:1	aggr:[[1.0, 0.0, 0.0, 0.0, 0.0, 0.1770805860805861, 0.021769230769230766, 0.021769230769230766], [1.0, 0.0, 0.0, 0.0, 0.0, 0.283, 0.283, 0.283], [1.0, 0.0, 0.0, 0.0, 0.0, 0.283, 0.283, 0.283], [1.0, 0.0, 0.0, 0.0, 0.0, 0.283, 0.283, 0.283], [1.0, 0.0, 0.0, 0.0, 0.0, 0.1770805860805861, 0.021769230769230766, 0.021769230769230766], [1.0, 0.0, 0.0, 0.0, 0.0, 0.283, 0.283, 0.283], [1.0, 0.0, 0.0, 0.0, 0.0, 0.283, 0.283, 0.283], [1.0, 0.0, 0.0, 0.0, 0.0, 0.283, 0.283, 0.283]]	
('51', '286', '10023135', '29325033,2863499')	rank:9	pos:1	terms:4	frequency:0	score:1	aggr:[[1.0, 0.0, 0.0, 0.0, 0.0, 0.283, 0.283, 0.283], [1.0, 0.0, 0.0, 0.0, 0.0, 0.283, 0.283, 0.283], [1.0, 0.0, 0.0, 0.0, 0.0, 0.283, 0.283, 0.283], [1.0, 0.0, 0.0, 0.0, 0.0, 0.283, 0.283, 0.283], [1.0, 0.0, 0.0, 0.0, 0.0, 0.283, 0.283, 0.283], [1.0, 0.0, 0.0, 0.0, 0.0, 0.283, 0.283, 0.283], [1.0, 0.0, 0.0, 0.0, 0.0, 0.283, 0.283, 0.283], [1.0, 0.0, 0.0, 0.0, 0.0, 0.283, 0.283, 0.283]]	
('51', '286', '10023135', '47708084,4032968')	rank:10	pos:1	terms:4	frequency:0	score:1	aggr:[[1.0, 0.0, 0.0, 0.0, 0.0, 0.30861904761904757, 0.09433333333333332, 0.09433333333333332], [1.0, 0.0, 0.0, 0.0, 0.0, 0.283, 0.283, 0.283], [1.0, 0.0, 0.0, 0.0, 0.0, 0.283, 0.283, 0.283], [1.0, 0.0, 0.0, 0.0, 0.0, 0.283, 0.283, 0.283], [1.0, 0.0, 0.0, 0.0, 0.0, 0.30861904761904757, 0.09433333333333332, 0.09433333333333332], [1.0, 0.0, 0.0, 0.0, 0.0, 0.283, 0.283, 0.283], [1.0, 0.0, 0.0, 0.0, 0.0, 0.283, 0.283, 0.283], [1.0, 0.0, 0.0, 0.0, 0.0, 0.283, 0.283, 0.283]]	
('51', '287', '10023135', '50429869,4216898')	rank:1	pos:1	terms:4	frequency:0	score:1	aggr:[[0.8571428571428571, 0.07142857142857142, 0.0, 0.0, 0.07142857142857142, 0.3044948979591836, 0.08153571428571428, 0.06367857142857143], [1.0, 0.0, 0.0, 0.0, 0.0, 0.30816666666666664, 0.1415, 0.1415], [1.0, 0.0, 0.0, 0.0, 0.0, 0.283, 0.283, 0.283], [1.0, 0.0, 0.0, 0.0, 0.0, 0.283, 0.283, 0.283], [0.8571428571428571, 0.07142857142857142, 0.0, 0.0, 0.07142857142857142, 0.3044948979591836, 0.08153571428571428, 0.06367857142857143], [1.0, 0.0, 0.0, 0.0, 0.0, 0.30816666666666664, 0.1415, 0.1415], [1.0, 0.0, 0.0, 0.0, 0.0, 0.283, 0.283, 0.283], [1.0, 0.0, 0.0, 0.0, 0.0, 0.283, 0.283, 0.283]]	
('51', '287', '10023135', '50429803,4216898')	rank:2	pos:1	terms:4	frequency:0	score:1	aggr:[[0.8571428571428571, 0.07142857142857142, 0.0, 0.0, 0.07142857142857142, 0.3044948979591836, 0.08153571428571428, 0.06367857142857143], [1.0, 0.0, 0.0, 0.0, 0.0, 0.3276666666666666, 0.09433333333333332, 0.09433333333333332], [1.0, 0.0, 0.0, 0.0, 0.0, 0.283, 0.283, 0.283], [1.0, 0.0, 0.0, 0.0, 0.0, 0.283, 0.283, 0.283], [0.8571428571428571, 0.07142857142857142, 0.0, 0.0, 0.07142857142857142, 0.3044948979591836, 0.08153571428571428, 0.06367857142857143], [1.0, 0.0, 0.0, 0.0, 0.0, 0.3276666666666666, 0.09433333333333332, 0.09433333333333332], [1.0, 0.0, 0.0, 0.0, 0.0, 0.283, 0.283, 0.283], [1.0, 0.0, 0.0, 0.0, 0.0, 0.283, 0.283, 0.283]]	
('51', '287', '10023135', '41704591,3706312')	rank:3	pos:1	terms:4	frequency:0	score:1	aggr:[[0.6666666666666666, 0.0, 0.0, 0.0, 0.3333333333333333, 0.26099999999999995, 0.09433333333333332, 0.42766666666666664], [1.0, 0.0, 0.0, 0.0, 0.0, 0.283, 0.283, 0.283], [1.0, 0.0, 0.0, 0.0, 0.0, 0.283, 0.283, 0.283], [1.0, 0.0, 0.0, 0.0, 0.0, 0.283, 0.283, 0.283], [0.6666666666666666, 0.0, 0.0, 0.0, 0.3333333333333333, 0.26099999999999995, 0.09433333333333332, 0.42766666666666664], [1.0, 0.0, 0.0, 0.0, 0.0, 0.283, 0.283, 0.283], [1.0, 0.0, 0.0, 0.0, 0.0, 0.283, 0.283, 0.283], [1.0, 0.0, 0.0, 0.0, 0.0, 0.283, 0.283, 0.283]]	
('51', '287', '10023135', '41705364,3706312')	rank:4	pos:1	terms:4	frequency:0	score:1	aggr:[[0.6666666666666666, 0.0, 0.0, 0.0, 0.3333333333333333, 0.26099999999999995, 0.09433333333333332, 0.42766666666666664], [0.5, 0.0, 0.0, 0.0, 0.5, 0.1415, 0.1415, 0.6415], [1.0, 0.0, 0.0, 0.0, 0.0, 0.283, 0.283, 0.283], [1.0, 0.0, 0.0, 0.0, 0.0, 0.283, 0.283, 0.283], [0.6666666666666666, 0.0, 0.0, 0.0, 0.3333333333333333, 0.26099999999999995, 0.09433333333333332, 0.42766666666666664], [0.5, 0.0, 0.0, 0.0, 0.5, 0.1415, 0.1415, 0.6415], [1.0, 0.0, 0.0, 0.0, 0.0, 0.283, 0.283, 0.283], [1.0, 0.0, 0.0, 0.0, 0.0, 0.283, 0.283, 0.283]]	
('51', '287', '10023135', '50418727,4216838')	rank:5	pos:1	terms:4	frequency:0	score:1	aggr:[[1.0, 0.0, 0.0, 0.0, 0.0, 0.14802380952380953, 0.035375, 0.035375], [1.0, 0.0, 0.0, 0.0, 0.0, 0.22483333333333333, 0.1415, 0.1415], [1.0, 0.0, 0.0, 0.0, 0.0, 0.283, 0.283, 0.283], [1.0, 0.0, 0.0, 0.0, 0.0, 0.283, 0.283, 0.283], [1.0, 0.0, 0.0, 0.0, 0.0, 0.14802380952380953, 0.035375, 0.035375], [1.0, 0.0, 0.0, 0.0, 0.0, 0.22483333333333333, 0.1415, 0.1415], [1.0, 0.0, 0.0, 0.0, 0.0, 0.283, 0.283, 0.283], [1.0, 0.0, 0.0, 0.0, 0.0, 0.283, 0.283, 0.283]]	
('51', '287', '10023135', '57262930,4526067')	rank:6	pos:1	terms:4	frequency:0	score:1	aggr:[[0.8333333333333334, 0.16666666666666666, 0.0, 0.0, 0.0, 0.1134973544973545, 0.07913888888888888, 0.02358333333333333], [1.0, 0.0, 0.0, 0.0, 0.0, 0.19705555555555554, 0.1415, 0.1415], [1.0, 0.0, 0.0, 0.0, 0.0, 0.283, 0.283, 0.283], [1.0, 0.0, 0.0, 0.0, 0.0, 0.283, 0.283, 0.283], [0.8333333333333334, 0.16666666666666666, 0.0, 0.0, 0.0, 0.1134973544973545, 0.07913888888888888, 0.02358333333333333], [1.0, 0.0, 0.0, 0.0, 0.0, 0.19705555555555554, 0.1415, 0.1415], [1.0, 0.0, 0.0, 0.0, 0.0, 0.283, 0.283, 0.283], [1.0, 0.0, 0.0, 0.0, 0.0, 0.283, 0.283, 0.283]]	
('51', '287', '10023135', '23000404,2312697')	rank:7	pos:1	terms:4	frequency:0	score:1	aggr:[[0.8974358974358975, 0.05128205128205128, 0.02564102564102564, 0.0, 0.02564102564102564, 0.2428070818070817, 0.021485347985347982, 0.033664835164835163], [1.0, 0.0, 0.0, 0.0, 0.0, 0.24659999999999999, 0.0566, 0.0566], [1.0, 0.0, 0.0, 0.0, 0.0, 0.283, 0.283, 0.283], [1.0, 0.0, 0.0, 0.0, 0.0, 0.283, 0.283, 0.283], [0.8974358974358975, 0.05128205128205128, 0.02564102564102564, 0.0, 0.02564102564102564, 0.2428070818070817, 0.021485347985347982, 0.033664835164835163], [1.0, 0.0, 0.0, 0.0, 0.0, 0.24659999999999999, 0.0566, 0.0566], [1.0, 0.0, 0.0, 0.0, 0.0, 0.283, 0.283, 0.283], [1.0, 0.0, 0.0, 0.0, 0.0, 0.283, 0.283, 0.283]]	
('51', '287', '10023135', '23271414,2340618')	rank:8	pos:1	terms:4	frequency:0	score:1	aggr:[[1.0, 0.0, 0.0, 0.0, 0.0, 0.1770805860805861, 0.021769230769230766, 0.021769230769230766], [1.0, 0.0, 0.0, 0.0, 0.0, 0.283, 0.283, 0.283], [1.0, 0.0, 0.0, 0.0, 0.0, 0.283, 0.283, 0.283], [1.0, 0.0, 0.0, 0.0, 0.0, 0.283, 0.283, 0.283], [1.0, 0.0, 0.0, 0.0, 0.0, 0.1770805860805861, 0.021769230769230766, 0.021769230769230766], [1.0, 0.0, 0.0, 0.0, 0.0, 0.283, 0.283, 0.283], [1.0, 0.0, 0.0, 0.0, 0.0, 0.283, 0.283, 0.283], [1.0, 0.0, 0.0, 0.0, 0.0, 0.283, 0.283, 0.283]]	
('51', '287', '10023135', '29325033,2863499')	rank:9	pos:1	terms:4	frequency:0	score:1	aggr:[[1.0, 0.0, 0.0, 0.0, 0.0, 0.283, 0.283, 0.283], [1.0, 0.0, 0.0, 0.0, 0.0, 0.283, 0.283, 0.283], [1.0, 0.0, 0.0, 0.0, 0.0, 0.283, 0.283, 0.283], [1.0, 0.0, 0.0, 0.0, 0.0, 0.283, 0.283, 0.283], [1.0, 0.0, 0.0, 0.0, 0.0, 0.283, 0.283, 0.283], [1.0, 0.0, 0.0, 0.0, 0.0, 0.283, 0.283, 0.283], [1.0, 0.0, 0.0, 0.0, 0.0, 0.283, 0.283, 0.283], [1.0, 0.0, 0.0, 0.0, 0.0, 0.283, 0.283, 0.283]]	
('51', '287', '10023135', '47708084,4032968')	rank:10	pos:1	terms:4	frequency:0	score:1	aggr:[[1.0, 0.0, 0.0, 0.0, 0.0, 0.30861904761904757, 0.09433333333333332, 0.09433333333333332], [1.0, 0.0, 0.0, 0.0, 0.0, 0.283, 0.283, 0.283], [1.0, 0.0, 0.0, 0.0, 0.0, 0.283, 0.283, 0.283], [1.0, 0.0, 0.0, 0.0, 0.0, 0.283, 0.283, 0.283], [1.0, 0.0, 0.0, 0.0, 0.0, 0.30861904761904757, 0.09433333333333332, 0.09433333333333332], [1.0, 0.0, 0.0, 0.0, 0.0, 0.283, 0.283, 0.283], [1.0, 0.0, 0.0, 0.0, 0.0, 0.283, 0.283, 0.283], [1.0, 0.0, 0.0, 0.0, 0.0, 0.283, 0.283, 0.283]]	
('51', '294', '12959396', '60660806,4693577')	rank:1	pos:1	terms:2	frequency:2	score:5	aggr:[[1.0, 0.0, 0.0, 0.0, 0.0, 0.6851714285714285, 0.0566, 0.0566], [1.0, 0.0, 0.0, 0.0, 0.0, 0.761, 0.09433333333333332, 0.09433333333333332], [1.0, 0.0, 0.0, 0.0, 0.0, 0.761, 0.09433333333333332, 0.09433333333333332], [1.0, 0.0, 0.0, 0.0, 0.0, 0.761, 0.09433333333333332, 0.09433333333333332], [1.0, 0.0, 0.0, 0.0, 0.0, 0.6851714285714285, 0.0566, 0.0566], [1.0, 0.0, 0.0, 0.0, 0.0, 0.761, 0.09433333333333332, 0.09433333333333332], [1.0, 0.0, 0.0, 0.0, 0.0, 0.761, 0.09433333333333332, 0.09433333333333332], [1.0, 0.0, 0.0, 0.0, 0.0, 0.761, 0.09433333333333332, 0.09433333333333332]]	
('51', '294', '12959396', '42252950,3735920')	rank:2	pos:1	terms:2	frequency:2	score:5	aggr:[[1.0, 0.0, 0.0, 0.0, 0.0, 0.42766666666666664, 0.09433333333333332, 0.09433333333333332], [1.0, 0.0, 0.0, 0.0, 0.0, 0.42766666666666664, 0.09433333333333332, 0.09433333333333332], [1.0, 0.0, 0.0, 0.0, 0.0, 0.42766666666666664, 0.09433333333333332, 0.09433333333333332], [1.0, 0.0, 0.0, 0.0, 0.0, 0.42766666666666664, 0.09433333333333332, 0.09433333333333332], [1.0, 0.0, 0.0, 0.0, 0.0, 0.42766666666666664, 0.09433333333333332, 0.09433333333333332], [1.0, 0.0, 0.0, 0.0, 0.0, 0.42766666666666664, 0.09433333333333332, 0.09433333333333332], [1.0, 0.0, 0.0, 0.0, 0.0, 0.42766666666666664, 0.09433333333333332, 0.09433333333333332], [1.0, 0.0, 0.0, 0.0, 0.0, 0.42766666666666664, 0.09433333333333332, 0.09433333333333332]]	
('51', '294', '12959396', '9107795,1062772')	rank:3	pos:1	terms:2	frequency:2	score:2	aggr:[[1.0, 0.0, 0.0, 0.0, 0.0, 0.31655555555555553, 0.09433333333333332, 0.09433333333333332], [1.0, 0.0, 0.0, 0.0, 0.0, 0.31655555555555553, 0.09433333333333332, 0.09433333333333332], [1.0, 0.0, 0.0, 0.0, 0.0, 0.31655555555555553, 0.09433333333333332, 0.09433333333333332], [1.0, 0.0, 0.0, 0.0, 0.0, 0.31655555555555553, 0.09433333333333332, 0.09433333333333332], [1.0, 0.0, 0.0, 0.0, 0.0, 0.31655555555555553, 0.09433333333333332, 0.09433333333333332], [1.0, 0.0, 0.0, 0.0, 0.0, 0.31655555555555553, 0.09433333333333332, 0.09433333333333332], [1.0, 0.0, 0.0, 0.0, 0.0, 0.31655555555555553, 0.09433333333333332, 0.09433333333333332], [1.0, 0.0, 0.0, 0.0, 0.0, 0.31655555555555553, 0.09433333333333332, 0.09433333333333332]]	
('51', '294', '12959396', '2227248,329607')	rank:4	pos:1	terms:2	frequency:2	score:3	aggr:[[1.0, 0.0, 0.0, 0.0, 0.0, 0.26099999999999995, 0.09433333333333332, 0.09433333333333332], [1.0, 0.0, 0.0, 0.0, 0.0, 0.26099999999999995, 0.09433333333333332, 0.09433333333333332], [1.0, 0.0, 0.0, 0.0, 0.0, 0.26099999999999995, 0.09433333333333332, 0.09433333333333332], [1.0, 0.0, 0.0, 0.0, 0.0, 0.26099999999999995, 0.09433333333333332, 0.09433333333333332], [1.0, 0.0, 0.0, 0.0, 0.0, 0.26099999999999995, 0.09433333333333332, 0.09433333333333332], [1.0, 0.0, 0.0, 0.0, 0.0, 0.26099999999999995, 0.09433333333333332, 0.09433333333333332], [1.0, 0.0, 0.0, 0.0, 0.0, 0.26099999999999995, 0.09433333333333332, 0.09433333333333332], [1.0, 0.0, 0.0, 0.0, 0.0, 0.26099999999999995, 0.09433333333333332, 0.09433333333333332]]	
('51', '294', '12959396', '48569754,4102191')	rank:5	pos:1	terms:2	frequency:2	score:1	aggr:[[1.0, 0.0, 0.0, 0.0, 0.0, 0.23324999999999996, 0.07075, 0.07075], [1.0, 0.0, 0.0, 0.0, 0.0, 0.22766666666666668, 0.09433333333333332, 0.09433333333333332], [1.0, 0.0, 0.0, 0.0, 0.0, 0.22766666666666668, 0.09433333333333332, 0.09433333333333332], [1.0, 0.0, 0.0, 0.0, 0.0, 0.22766666666666668, 0.09433333333333332, 0.09433333333333332], [1.0, 0.0, 0.0, 0.0, 0.0, 0.23324999999999996, 0.07075, 0.07075], [1.0, 0.0, 0.0, 0.0, 0.0, 0.22766666666666668, 0.09433333333333332, 0.09433333333333332], [1.0, 0.0, 0.0, 0.0, 0.0, 0.22766666666666668, 0.09433333333333332, 0.09433333333333332], [1.0, 0.0, 0.0, 0.0, 0.0, 0.22766666666666668, 0.09433333333333332, 0.09433333333333332]]	
('51', '294', '12959396', '62707095,4816724')	rank:6	pos:1	terms:2	frequency:2	score:1	aggr:[[1.0, 0.0, 0.0, 0.0, 0.0, 0.20544444444444443, 0.09433333333333332, 0.09433333333333332], [1.0, 0.0, 0.0, 0.0, 0.0, 0.20544444444444443, 0.09433333333333332, 0.09433333333333332], [1.0, 0.0, 0.0, 0.0, 0.0, 0.20544444444444443, 0.09433333333333332, 0.09433333333333332], [1.0, 0.0, 0.0, 0.0, 0.0, 0.20544444444444443, 0.09433333333333332, 0.09433333333333332], [1.0, 0.0, 0.0, 0.0, 0.0, 0.20544444444444443, 0.09433333333333332, 0.09433333333333332], [1.0, 0.0, 0.0, 0.0, 0.0, 0.20544444444444443, 0.09433333333333332, 0.09433333333333332], [1.0, 0.0, 0.0, 0.0, 0.0, 0.20544444444444443, 0.09433333333333332, 0.09433333333333332], [1.0, 0.0, 0.0, 0.0, 0.0, 0.20544444444444443, 0.09433333333333332, 0.09433333333333332]]	
('51', '294', '12959396', '24270455,2420172')	rank:7	pos:1	terms:2	frequency:2	score:1	aggr:[[1.0, 0.0, 0.0, 0.0, 0.0, 0.18056009070294785, 0.020214285714285712, 0.020214285714285712], [1.0, 0.0, 0.0, 0.0, 0.0, 0.18957142857142859, 0.09433333333333332, 0.09433333333333332], [1.0, 0.0, 0.0, 0.0, 0.0, 0.18957142857142859, 0.09433333333333332, 0.09433333333333332], [1.0, 0.0, 0.0, 0.0, 0.0, 0.18957142857142859, 0.09433333333333332, 0.09433333333333332], [1.0, 0.0, 0.0, 0.0, 0.0, 0.18056009070294785, 0.020214285714285712, 0.020214285714285712], [1.0, 0.0, 0.0, 0.0, 0.0, 0.18957142857142859, 0.09433333333333332, 0.09433333333333332], [1.0, 0.0, 0.0, 0.0, 0.0, 0.18957142857142859, 0.09433333333333332, 0.09433333333333332], [1.0, 0.0, 0.0, 0.0, 0.0, 0.18957142857142859, 0.09433333333333332, 0.09433333333333332]]	
('51', '294', '12959396', '58732998,4601979')	rank:8	pos:1	terms:2	frequency:2	score:1	aggr:[[1.0, 0.0, 0.0, 0.0, 0.0, 0.17766666666666664, 0.09433333333333332, 0.09433333333333332], [1.0, 0.0, 0.0, 0.0, 0.0, 0.17766666666666664, 0.09433333333333332, 0.09433333333333332], [1.0, 0.0, 0.0, 0.0, 0.0, 0.17766666666666664, 0.09433333333333332, 0.09433333333333332], [1.0, 0.0, 0.0, 0.0, 0.0, 0.17766666666666664, 0.09433333333333332, 0.09433333333333332], [1.0, 0.0, 0.0, 0.0, 0.0, 0.17766666666666664, 0.09433333333333332, 0.09433333333333332], [1.0, 0.0, 0.0, 0.0, 0.0, 0.17766666666666664, 0.09433333333333332, 0.09433333333333332], [1.0, 0.0, 0.0, 0.0, 0.0, 0.17766666666666664, 0.09433333333333332, 0.09433333333333332], [1.0, 0.0, 0.0, 0.0, 0.0, 0.17766666666666664, 0.09433333333333332, 0.09433333333333332]]	
('51', '294', '12959396', '59466076,4638020')	rank:9	pos:1	terms:2	frequency:2	score:1	aggr:[[1.0, 0.0, 0.0, 0.0, 0.0, 0.1461968253968254, 0.0283, 0.0283], [1.0, 0.0, 0.0, 0.0, 0.0, 0.16840740740740742, 0.09433333333333332, 0.09433333333333332], [1.0, 0.0, 0.0, 0.0, 0.0, 0.16840740740740742, 0.09433333333333332, 0.09433333333333332], [1.0, 0.0, 0.0, 0.0, 0.0, 0.16840740740740742, 0.09433333333333332, 0.09433333333333332], [1.0, 0.0, 0.0, 0.0, 0.0, 0.1461968253968254, 0.0283, 0.0283], [1.0, 0.0, 0.0, 0.0, 0.0, 0.16840740740740742, 0.09433333333333332, 0.09433333333333332], [1.0, 0.0, 0.0, 0.0, 0.0, 0.16840740740740742, 0.09433333333333332, 0.09433333333333332], [1.0, 0.0, 0.0, 0.0, 0.0, 0.16840740740740742, 0.09433333333333332, 0.09433333333333332]]	
('51', '294', '12959396', '46529421,3975533')	rank:10	pos:1	terms:2	frequency:2	score:1	aggr:[[0.8888888888888888, 0.1111111111111111, 0.0, 0.0, 0.0, 0.42403703703703705, 0.14255555555555555, 0.03144444444444444], [1.0, 0.0, 0.0, 0.0, 0.0, 0.161, 0.09433333333333332, 0.09433333333333332], [1.0, 0.0, 0.0, 0.0, 0.0, 0.161, 0.09433333333333332, 0.09433333333333332], [1.0, 0.0, 0.0, 0.0, 0.0, 0.161, 0.09433333333333332, 0.09433333333333332], [0.8888888888888888, 0.1111111111111111, 0.0, 0.0, 0.0, 0.42403703703703705, 0.14255555555555555, 0.03144444444444444], [1.0, 0.0, 0.0, 0.0, 0.0, 0.161, 0.09433333333333332, 0.09433333333333332], [1.0, 0.0, 0.0, 0.0, 0.0, 0.161, 0.09433333333333332, 0.09433333333333332], [1.0, 0.0, 0.0, 0.0, 0.0, 0.161, 0.09433333333333332, 0.09433333333333332]]	
('51', '299', '4956938', '60762087,4701579')	rank:1	pos:1	terms:3	frequency:0	score:1	aggr:[[1.0, 0.0, 0.0, 0.0, 0.0, 0.16549206349206347, 0.07075, 0.07075], [1.0, 0.0, 0.0, 0.0, 0.0, 0.283, 0.283, 0.283], [1.0, 0.0, 0.0, 0.0, 0.0, 0.283, 0.283, 0.283], [1.0, 0.0, 0.0, 0.0, 0.0, 0.283, 0.283, 0.283], [1.0, 0.0, 0.0, 0.0, 0.0, 0.16549206349206347, 0.07075, 0.07075], [1.0, 0.0, 0.0, 0.0, 0.0, 0.283, 0.283, 0.283], [1.0, 0.0, 0.0, 0.0, 0.0, 0.283, 0.283, 0.283], [1.0, 0.0, 0.0, 0.0, 0.0, 0.283, 0.283, 0.283]]	
('51', '299', '4956938', '37808419,3475911')	rank:2	pos:1	terms:3	frequency:0	score:1	aggr:[[1.0, 0.0, 0.0, 0.0, 0.0, 0.3276666666666666, 0.09433333333333332, 0.09433333333333332], [1.0, 0.0, 0.0, 0.0, 0.0, 0.283, 0.283, 0.283], [1.0, 0.0, 0.0, 0.0, 0.0, 0.283, 0.283, 0.283], [1.0, 0.0, 0.0, 0.0, 0.0, 0.283, 0.283, 0.283], [1.0, 0.0, 0.0, 0.0, 0.0, 0.3276666666666666, 0.09433333333333332, 0.09433333333333332], [1.0, 0.0, 0.0, 0.0, 0.0, 0.283, 0.283, 0.283], [1.0, 0.0, 0.0, 0.0, 0.0, 0.283, 0.283, 0.283], [1.0, 0.0, 0.0, 0.0, 0.0, 0.283, 0.283, 0.283]]	
('51', '299', '4956938', '17743504,1878457')	rank:3	pos:1	terms:3	frequency:0	score:1	aggr:[[0.5555555555555556, 0.2222222222222222, 0.0, 0.1111111111111111, 0.1111111111111111, 0.09577425044091711, 0.25366666666666665, 0.25366666666666665], [1.0, 0.0, 0.0, 0.0, 0.0, 0.283, 0.283, 0.283], [1.0, 0.0, 0.0, 0.0, 0.0, 0.283, 0.283, 0.283], [1.0, 0.0, 0.0, 0.0, 0.0, 0.283, 0.283, 0.283], [0.5555555555555556, 0.2222222222222222, 0.0, 0.1111111111111111, 0.1111111111111111, 0.09577425044091711, 0.25366666666666665, 0.25366666666666665], [1.0, 0.0, 0.0, 0.0, 0.0, 0.283, 0.283, 0.283], [1.0, 0.0, 0.0, 0.0, 0.0, 0.283, 0.283, 0.283], [1.0, 0.0, 0.0, 0.0, 0.0, 0.283, 0.283, 0.283]]	
('51', '299', '4956938', '38485987,3517020')	rank:4	pos:1	terms:3	frequency:0	score:1	aggr:[[1.0, 0.0, 0.0, 0.0, 0.0, 0.283, 0.283, 0.283], [1.0, 0.0, 0.0, 0.0, 0.0, 0.283, 0.283, 0.283], [1.0, 0.0, 0.0, 0.0, 0.0, 0.283, 0.283, 0.283], [1.0, 0.0, 0.0, 0.0, 0.0, 0.283, 0.283, 0.283], [1.0, 0.0, 0.0, 0.0, 0.0, 0.283, 0.283, 0.283], [1.0, 0.0, 0.0, 0.0, 0.0, 0.283, 0.283, 0.283], [1.0, 0.0, 0.0, 0.0, 0.0, 0.283, 0.283, 0.283], [1.0, 0.0, 0.0, 0.0, 0.0, 0.283, 0.283, 0.283]]	
('51', '299', '4956938', '52840605,4314850')	rank:5	pos:1	terms:3	frequency:0	score:1	aggr:[[1.0, 0.0, 0.0, 0.0, 0.0, 0.283, 0.283, 0.283], [1.0, 0.0, 0.0, 0.0, 0.0, 0.283, 0.283, 0.283], [1.0, 0.0, 0.0, 0.0, 0.0, 0.283, 0.283, 0.283], [1.0, 0.0, 0.0, 0.0, 0.0, 0.283, 0.283, 0.283], [1.0, 0.0, 0.0, 0.0, 0.0, 0.283, 0.283, 0.283], [1.0, 0.0, 0.0, 0.0, 0.0, 0.283, 0.283, 0.283], [1.0, 0.0, 0.0, 0.0, 0.0, 0.283, 0.283, 0.283], [1.0, 0.0, 0.0, 0.0, 0.0, 0.283, 0.283, 0.283]]	
('51', '299', '4956938', '41342785,3681990')	rank:6	pos:1	terms:3	frequency:0	score:1	aggr:[[1.0, 0.0, 0.0, 0.0, 0.0, 0.283, 0.283, 0.283], [1.0, 0.0, 0.0, 0.0, 0.0, 0.283, 0.283, 0.283], [1.0, 0.0, 0.0, 0.0, 0.0, 0.283, 0.283, 0.283], [1.0, 0.0, 0.0, 0.0, 0.0, 0.283, 0.283, 0.283], [1.0, 0.0, 0.0, 0.0, 0.0, 0.283, 0.283, 0.283], [1.0, 0.0, 0.0, 0.0, 0.0, 0.283, 0.283, 0.283], [1.0, 0.0, 0.0, 0.0, 0.0, 0.283, 0.283, 0.283], [1.0, 0.0, 0.0, 0.0, 0.0, 0.283, 0.283, 0.283]]	
('51', '299', '4956938', '39299067,3562125')	rank:7	pos:1	terms:3	frequency:0	score:1	aggr:[[0.8461538461538461, 0.07692307692307693, 0.0, 0.0, 0.07692307692307693, 0.224974358974359, 0.037153846153846155, 0.037153846153846155], [1.0, 0.0, 0.0, 0.0, 0.0, 0.283, 0.283, 0.283], [1.0, 0.0, 0.0, 0.0, 0.0, 0.283, 0.283, 0.283], [1.0, 0.0, 0.0, 0.0, 0.0, 0.283, 0.283, 0.283], [0.8461538461538461, 0.07692307692307693, 0.0, 0.0, 0.07692307692307693, 0.224974358974359, 0.037153846153846155, 0.037153846153846155], [1.0, 0.0, 0.0, 0.0, 0.0, 0.283, 0.283, 0.283], [1.0, 0.0, 0.0, 0.0, 0.0, 0.283, 0.283, 0.283], [1.0, 0.0, 0.0, 0.0, 0.0, 0.283, 0.283, 0.283]]	
('51', '299', '4956938', '52939378,4317657')	rank:8	pos:1	terms:3	frequency:0	score:1	aggr:[[1.0, 0.0, 0.0, 0.0, 0.0, 0.283, 0.283, 0.283], [1.0, 0.0, 0.0, 0.0, 0.0, 0.283, 0.283, 0.283], [1.0, 0.0, 0.0, 0.0, 0.0, 0.283, 0.283, 0.283], [1.0, 0.0, 0.0, 0.0, 0.0, 0.283, 0.283, 0.283], [1.0, 0.0, 0.0, 0.0, 0.0, 0.283, 0.283, 0.283], [1.0, 0.0, 0.0, 0.0, 0.0, 0.283, 0.283, 0.283], [1.0, 0.0, 0.0, 0.0, 0.0, 0.283, 0.283, 0.283], [1.0, 0.0, 0.0, 0.0, 0.0, 0.283, 0.283, 0.283]]	
('51', '299', '4956938', '37811086,3475974')	rank:9	pos:1	terms:3	frequency:0	score:1	aggr:[[1.0, 0.0, 0.0, 0.0, 0.0, 0.283, 0.283, 0.283], [1.0, 0.0, 0.0, 0.0, 0.0, 0.283, 0.283, 0.283], [1.0, 0.0, 0.0, 0.0, 0.0, 0.283, 0.283, 0.283], [1.0, 0.0, 0.0, 0.0, 0.0, 0.283, 0.283, 0.283], [1.0, 0.0, 0.0, 0.0, 0.0, 0.283, 0.283, 0.283], [1.0, 0.0, 0.0, 0.0, 0.0, 0.283, 0.283, 0.283], [1.0, 0.0, 0.0, 0.0, 0.0, 0.283, 0.283, 0.283], [1.0, 0.0, 0.0, 0.0, 0.0, 0.283, 0.283, 0.283]]	
('51', '299', '4956938', '51440078,4254962')	rank:10	pos:1	terms:3	frequency:0	score:1	aggr:[[1.0, 0.0, 0.0, 0.0, 0.0, 0.283, 0.283, 0.283], [1.0, 0.0, 0.0, 0.0, 0.0, 0.283, 0.283, 0.283], [1.0, 0.0, 0.0, 0.0, 0.0, 0.283, 0.283, 0.283], [1.0, 0.0, 0.0, 0.0, 0.0, 0.283, 0.283, 0.283], [1.0, 0.0, 0.0, 0.0, 0.0, 0.283, 0.283, 0.283], [1.0, 0.0, 0.0, 0.0, 0.0, 0.283, 0.283, 0.283], [1.0, 0.0, 0.0, 0.0, 0.0, 0.283, 0.283, 0.283], [1.0, 0.0, 0.0, 0.0, 0.0, 0.283, 0.283, 0.283]]	
('51', '300', '4822568', '26033464,2597528')	rank:1	pos:1	terms:3	frequency:0	score:1	aggr:[[0.8227513227513228, 0.07539682539682539, 0.006613756613756613, 0.015873015873015872, 0.07936507936507936, 0.2853878810783567, 0.04387920970857478, 0.07144230284706476], [1.0, 0.0, 0.0, 0.0, 0.0, 0.283, 0.283, 0.283], [1.0, 0.0, 0.0, 0.0, 0.0, 0.283, 0.283, 0.283], [1.0, 0.0, 0.0, 0.0, 0.0, 0.283, 0.283, 0.283], [0.8227513227513228, 0.07539682539682539, 0.006613756613756613, 0.015873015873015872, 0.07936507936507936, 0.2853878810783567, 0.04387920970857478, 0.07144230284706476], [1.0, 0.0, 0.0, 0.0, 0.0, 0.283, 0.283, 0.283], [1.0, 0.0, 0.0, 0.0, 0.0, 0.283, 0.283, 0.283], [1.0, 0.0, 0.0, 0.0, 0.0, 0.283, 0.283, 0.283]]	
('51', '300', '4822568', '69261636,5149883')	rank:2	pos:1	terms:3	frequency:0	score:1	aggr:[[0.8716216216216216, 0.07432432432432433, 0.0, 0.006756756756756757, 0.0472972972972973, 0.1721958386958387, 0.03373326898326898, 0.049209459459459454], [1.0, 0.0, 0.0, 0.0, 0.0, 0.283, 0.283, 0.283], [1.0, 0.0, 0.0, 0.0, 0.0, 0.283, 0.283, 0.283], [1.0, 0.0, 0.0, 0.0, 0.0, 0.283, 0.283, 0.283], [0.8716216216216216, 0.07432432432432433, 0.0, 0.006756756756756757, 0.0472972972972973, 0.1721958386958387, 0.03373326898326898, 0.049209459459459454], [1.0, 0.0, 0.0, 0.0, 0.0, 0.283, 0.283, 0.283], [1.0, 0.0, 0.0, 0.0, 0.0, 0.283, 0.283, 0.283], [1.0, 0.0, 0.0, 0.0, 0.0, 0.283, 0.283, 0.283]]	
('51', '300', '4822568', '4822107,639694')	rank:3	pos:1	terms:3	frequency:0	score:1	aggr:[[0.5, 0.5, 0.0, 0.0, 0.0, 0.1064642857142857, 0.36241666666666666, 0.07075], [1.0, 0.0, 0.0, 0.0, 0.0, 0.283, 0.283, 0.283], [1.0, 0.0, 0.0, 0.0, 0.0, 0.283, 0.283, 0.283], [1.0, 0.0, 0.0, 0.0, 0.0, 0.283, 0.283, 0.283], [0.5, 0.5, 0.0, 0.0, 0.0, 0.1064642857142857, 0.36241666666666666, 0.07075], [1.0, 0.0, 0.0, 0.0, 0.0, 0.283, 0.283, 0.283], [1.0, 0.0, 0.0, 0.0, 0.0, 0.283, 0.283, 0.283], [1.0, 0.0, 0.0, 0.0, 0.0, 0.283, 0.283, 0.283]]	
('51', '300', '4822568', '8244157,980487')	rank:4	pos:1	terms:3	frequency:0	score:1	aggr:[[1.0, 0.0, 0.0, 0.0, 0.0, 0.283, 0.283, 0.283], [1.0, 0.0, 0.0, 0.0, 0.0, 0.283, 0.283, 0.283], [1.0, 0.0, 0.0, 0.0, 0.0, 0.283, 0.283, 0.283], [1.0, 0.0, 0.0, 0.0, 0.0, 0.283, 0.283, 0.283], [1.0, 0.0, 0.0, 0.0, 0.0, 0.283, 0.283, 0.283], [1.0, 0.0, 0.0, 0.0, 0.0, 0.283, 0.283, 0.283], [1.0, 0.0, 0.0, 0.0, 0.0, 0.283, 0.283, 0.283], [1.0, 0.0, 0.0, 0.0, 0.0, 0.283, 0.283, 0.283]]	
('51', '300', '4822568', '33530201,3248439')	rank:5	pos:1	terms:3	frequency:0	score:1	aggr:[[0.9528301886792453, 0.03773584905660377, 0.0, 0.0, 0.009433962264150943, 0.1705344414495357, 0.015169811320754716, 0.01210377358490566], [1.0, 0.0, 0.0, 0.0, 0.0, 0.283, 0.283, 0.283], [1.0, 0.0, 0.0, 0.0, 0.0, 0.283, 0.283, 0.283], [1.0, 0.0, 0.0, 0.0, 0.0, 0.283, 0.283, 0.283], [0.9528301886792453, 0.03773584905660377, 0.0, 0.0, 0.009433962264150943, 0.1705344414495357, 0.015169811320754716, 0.01210377358490566], [1.0, 0.0, 0.0, 0.0, 0.0, 0.283, 0.283, 0.283], [1.0, 0.0, 0.0, 0.0, 0.0, 0.283, 0.283, 0.283], [1.0, 0.0, 0.0, 0.0, 0.0, 0.283, 0.283, 0.283]]	
('51', '300', '4822568', '33801509,3248872')	rank:6	pos:1	terms:3	frequency:0	score:1	aggr:[[1.0, 0.0, 0.0, 0.0, 0.0, 0.283, 0.283, 0.283], [1.0, 0.0, 0.0, 0.0, 0.0, 0.283, 0.283, 0.283], [1.0, 0.0, 0.0, 0.0, 0.0, 0.283, 0.283, 0.283], [1.0, 0.0, 0.0, 0.0, 0.0, 0.283, 0.283, 0.283], [1.0, 0.0, 0.0, 0.0, 0.0, 0.283, 0.283, 0.283], [1.0, 0.0, 0.0, 0.0, 0.0, 0.283, 0.283, 0.283], [1.0, 0.0, 0.0, 0.0, 0.0, 0.283, 0.283, 0.283], [1.0, 0.0, 0.0, 0.0, 0.0, 0.283, 0.283, 0.283]]	
('51', '300', '4822568', '28056370,2753790')	rank:7	pos:1	terms:3	frequency:0	score:1	aggr:[[0.6923076923076923, 0.15384615384615385, 0.07692307692307693, 0.07692307692307693, 0.0, 0.14826495726495728, 0.07561538461538461, 0.07305128205128206], [1.0, 0.0, 0.0, 0.0, 0.0, 0.283, 0.283, 0.283], [1.0, 0.0, 0.0, 0.0, 0.0, 0.283, 0.283, 0.283], [1.0, 0.0, 0.0, 0.0, 0.0, 0.283, 0.283, 0.283], [0.6923076923076923, 0.15384615384615385, 0.07692307692307693, 0.07692307692307693, 0.0, 0.14826495726495728, 0.07561538461538461, 0.07305128205128206], [1.0, 0.0, 0.0, 0.0, 0.0, 0.283, 0.283, 0.283], [1.0, 0.0, 0.0, 0.0, 0.0, 0.283, 0.283, 0.283], [1.0, 0.0, 0.0, 0.0, 0.0, 0.283, 0.283, 0.283]]	
('51', '300', '4822568', '17911247,1887339')	rank:8	pos:1	terms:3	frequency:0	score:1	aggr:[[0.9333333333333333, 0.06666666666666667, 0.0, 0.0, 0.0, 0.23682751322751325, 0.048322222222222225, 0.009433333333333332], [1.0, 0.0, 0.0, 0.0, 0.0, 0.283, 0.283, 0.283], [1.0, 0.0, 0.0, 0.0, 0.0, 0.283, 0.283, 0.283], [1.0, 0.0, 0.0, 0.0, 0.0, 0.283, 0.283, 0.283], [0.9333333333333333, 0.06666666666666667, 0.0, 0.0, 0.0, 0.23682751322751325, 0.048322222222222225, 0.009433333333333332], [1.0, 0.0, 0.0, 0.0, 0.0, 0.283, 0.283, 0.283], [1.0, 0.0, 0.0, 0.0, 0.0, 0.283, 0.283, 0.283], [1.0, 0.0, 0.0, 0.0, 0.0, 0.283, 0.283, 0.283]]	
('51', '300', '4822568', '23160213,2328658')	rank:9	pos:1	terms:3	frequency:0	score:1	aggr:[[1.0, 0.0, 0.0, 0.0, 0.0, 0.283, 0.283, 0.283], [1.0, 0.0, 0.0, 0.0, 0.0, 0.283, 0.283, 0.283], [1.0, 0.0, 0.0, 0.0, 0.0, 0.283, 0.283, 0.283], [1.0, 0.0, 0.0, 0.0, 0.0, 0.283, 0.283, 0.283], [1.0, 0.0, 0.0, 0.0, 0.0, 0.283, 0.283, 0.283], [1.0, 0.0, 0.0, 0.0, 0.0, 0.283, 0.283, 0.283], [1.0, 0.0, 0.0, 0.0, 0.0, 0.283, 0.283, 0.283], [1.0, 0.0, 0.0, 0.0, 0.0, 0.283, 0.283, 0.283]]	
('51', '300', '4822568', '52461795,4295885')	rank:10	pos:1	terms:3	frequency:0	score:1	aggr:[[0.8846153846153846, 0.07692307692307693, 0.0, 0.0, 0.038461538461538464, 0.17361996336996335, 0.02181135531135531, 0.02948076923076923], [1.0, 0.0, 0.0, 0.0, 0.0, 0.283, 0.283, 0.283], [1.0, 0.0, 0.0, 0.0, 0.0, 0.283, 0.283, 0.283], [1.0, 0.0, 0.0, 0.0, 0.0, 0.283, 0.283, 0.283], [0.8846153846153846, 0.07692307692307693, 0.0, 0.0, 0.038461538461538464, 0.17361996336996335, 0.02181135531135531, 0.02948076923076923], [1.0, 0.0, 0.0, 0.0, 0.0, 0.283, 0.283, 0.283], [1.0, 0.0, 0.0, 0.0, 0.0, 0.283, 0.283, 0.283], [1.0, 0.0, 0.0, 0.0, 0.0, 0.283, 0.283, 0.283]]	
('51', '302', '21307696', '66529216,5018372')	rank:1	pos:1	terms:3	frequency:2	score:1	aggr:[[0.6, 0.2, 0.06666666666666667, 0.0, 0.13333333333333333, 0.37997777777777775, 0.18553333333333333, 0.18553333333333333], [0.7142857142857143, 0.14285714285714285, 0.0, 0.0, 0.14285714285714285, 0.6118571428571428, 0.18328571428571427, 0.18328571428571427], [1.0, 0.0, 0.0, 0.0, 0.0, 0.761, 0.09433333333333332, 0.09433333333333332], [1.0, 0.0, 0.0, 0.0, 0.0, 0.761, 0.09433333333333332, 0.09433333333333332], [0.6, 0.2, 0.06666666666666667, 0.0, 0.13333333333333333, 0.37997777777777775, 0.18553333333333333, 0.18553333333333333], [0.7142857142857143, 0.14285714285714285, 0.0, 0.0, 0.14285714285714285, 0.6118571428571428, 0.18328571428571427, 0.18328571428571427], [1.0, 0.0, 0.0, 0.0, 0.0, 0.761, 0.09433333333333332, 0.09433333333333332], [1.0, 0.0, 0.0, 0.0, 0.0, 0.761, 0.09433333333333332, 0.09433333333333332]]	
('51', '302', '21307696', '32569252,3165189')	rank:2	pos:1	terms:3	frequency:2	score:1	aggr:[[0.8333333333333334, 0.16666666666666666, 0.0, 0.0, 0.0, 0.31383333333333335, 0.10272222222222221, 0.04716666666666666], [1.0, 0.0, 0.0, 0.0, 0.0, 0.44575, 0.07075, 0.07075], [1.0, 0.0, 0.0, 0.0, 0.0, 0.42766666666666664, 0.09433333333333332, 0.09433333333333332], [1.0, 0.0, 0.0, 0.0, 0.0, 0.42766666666666664, 0.09433333333333332, 0.09433333333333332], [0.8333333333333334, 0.16666666666666666, 0.0, 0.0, 0.0, 0.31383333333333335, 0.10272222222222221, 0.04716666666666666], [1.0, 0.0, 0.0, 0.0, 0.0, 0.44575, 0.07075, 0.07075], [1.0, 0.0, 0.0, 0.0, 0.0, 0.42766666666666664, 0.09433333333333332, 0.09433333333333332], [1.0, 0.0, 0.0, 0.0, 0.0, 0.42766666666666664, 0.09433333333333332, 0.09433333333333332]]	
('51', '302', '21307696', '36079450,3394842')	rank:3	pos:1	terms:3	frequency:2	score:1	aggr:[[0.9354838709677419, 0.03225806451612903, 0.0, 0.0, 0.03225806451612903, 0.25669687660010243, 0.01719354838709677, 0.04138709677419355], [1.0, 0.0, 0.0, 0.0, 0.0, 0.27211111111111114, 0.09433333333333332, 0.09433333333333332], [1.0, 0.0, 0.0, 0.0, 0.0, 0.27211111111111114, 0.09433333333333332, 0.09433333333333332], [1.0, 0.0, 0.0, 0.0, 0.0, 0.27211111111111114, 0.09433333333333332, 0.09433333333333332], [0.9354838709677419, 0.03225806451612903, 0.0, 0.0, 0.03225806451612903, 0.25669687660010243, 0.01719354838709677, 0.04138709677419355], [1.0, 0.0, 0.0, 0.0, 0.0, 0.27211111111111114, 0.09433333333333332, 0.09433333333333332], [1.0, 0.0, 0.0, 0.0, 0.0, 0.27211111111111114, 0.09433333333333332, 0.09433333333333332], [1.0, 0.0, 0.0, 0.0, 0.0, 0.27211111111111114, 0.09433333333333332, 0.09433333333333332]]	
('51', '302', '21307696', '36829419,3418807')	rank:4	pos:1	terms:3	frequency:2	score:1	aggr:[[0.9545454545454546, 0.045454545454545456, 0.0, 0.0, 0.0, 0.22597691197691194, 0.03559090909090909, 0.012863636363636362], [1.0, 0.0, 0.0, 0.0, 0.0, 0.2790833333333333, 0.07075, 0.07075], [1.0, 0.0, 0.0, 0.0, 0.0, 0.26099999999999995, 0.09433333333333332, 0.09433333333333332], [1.0, 0.0, 0.0, 0.0, 0.0, 0.26099999999999995, 0.09433333333333332, 0.09433333333333332], [0.9545454545454546, 0.045454545454545456, 0.0, 0.0, 0.0, 0.22597691197691194, 0.03559090909090909, 0.012863636363636362], [1.0, 0.0, 0.0, 0.0, 0.0, 0.2790833333333333, 0.07075, 0.07075], [1.0, 0.0, 0.0, 0.0, 0.0, 0.26099999999999995, 0.09433333333333332, 0.09433333333333332], [1.0, 0.0, 0.0, 0.0, 0.0, 0.26099999999999995, 0.09433333333333332, 0.09433333333333332]]	
('51', '302', '21307696', '63292717,4842963')	rank:5	pos:1	terms:3	frequency:2	score:1	aggr:[[0.9625, 0.025, 0.0125, 0.0, 0.0, 0.21444523809523805, 0.018537500000000002, 0.0097875], [1.0, 0.0, 0.0, 0.0, 0.0, 0.22159999999999996, 0.0566, 0.0566], [1.0, 0.0, 0.0, 0.0, 0.0, 0.27211111111111114, 0.09433333333333332, 0.09433333333333332], [1.0, 0.0, 0.0, 0.0, 0.0, 0.27211111111111114, 0.09433333333333332, 0.09433333333333332], [0.9625, 0.025, 0.0125, 0.0, 0.0, 0.21444523809523805, 0.018537500000000002, 0.0097875], [1.0, 0.0, 0.0, 0.0, 0.0, 0.22159999999999996, 0.0566, 0.0566], [1.0, 0.0, 0.0, 0.0, 0.0, 0.27211111111111114, 0.09433333333333332, 0.09433333333333332], [1.0, 0.0, 0.0, 0.0, 0.0, 0.27211111111111114, 0.09433333333333332, 0.09433333333333332]]	
('51', '302', '21307696', '63256941,4842762')	rank:6	pos:1	terms:3	frequency:2	score:1	aggr:[[1.0, 0.0, 0.0, 0.0, 0.0, 0.16326666666666664, 0.0566, 0.0566], [1.0, 0.0, 0.0, 0.0, 0.0, 0.17908333333333332, 0.07075, 0.07075], [1.0, 0.0, 0.0, 0.0, 0.0, 0.20544444444444443, 0.09433333333333332, 0.09433333333333332], [1.0, 0.0, 0.0, 0.0, 0.0, 0.20544444444444443, 0.09433333333333332, 0.09433333333333332], [1.0, 0.0, 0.0, 0.0, 0.0, 0.16326666666666664, 0.0566, 0.0566], [1.0, 0.0, 0.0, 0.0, 0.0, 0.17908333333333332, 0.07075, 0.07075], [1.0, 0.0, 0.0, 0.0, 0.0, 0.20544444444444443, 0.09433333333333332, 0.09433333333333332], [1.0, 0.0, 0.0, 0.0, 0.0, 0.20544444444444443, 0.09433333333333332, 0.09433333333333332]]	
('51', '302', '21307696', '43670502,3825756')	rank:7	pos:1	terms:3	frequency:2	score:1	aggr:[[0.8947368421052632, 0.02631578947368421, 0.0, 0.02631578947368421, 0.05263157894736842, 0.15405346700083547, 0.016219298245614033, 0.06007894736842105], [1.0, 0.0, 0.0, 0.0, 0.0, 0.19478571428571426, 0.04716666666666666, 0.04716666666666666], [1.0, 0.0, 0.0, 0.0, 0.0, 0.18957142857142859, 0.09433333333333332, 0.09433333333333332], [1.0, 0.0, 0.0, 0.0, 0.0, 0.18957142857142859, 0.09433333333333332, 0.09433333333333332], [0.8947368421052632, 0.02631578947368421, 0.0, 0.02631578947368421, 0.05263157894736842, 0.15405346700083547, 0.016219298245614033, 0.06007894736842105], [1.0, 0.0, 0.0, 0.0, 0.0, 0.19478571428571426, 0.04716666666666666, 0.04716666666666666], [1.0, 0.0, 0.0, 0.0, 0.0, 0.18957142857142859, 0.09433333333333332, 0.09433333333333332], [1.0, 0.0, 0.0, 0.0, 0.0, 0.18957142857142859, 0.09433333333333332, 0.09433333333333332]]	
('51', '302', '21307696', '67027646,5048183')	rank:8	pos:1	terms:3	frequency:2	score:1	aggr:[[0.8333333333333334, 0.0, 0.0, 0.0, 0.16666666666666666, 0.14068518518518516, 0.04716666666666666, 0.08883333333333332], [1.0, 0.0, 0.0, 0.0, 0.0, 0.18325, 0.07075, 0.07075], [1.0, 0.0, 0.0, 0.0, 0.0, 0.17766666666666664, 0.09433333333333332, 0.09433333333333332], [1.0, 0.0, 0.0, 0.0, 0.0, 0.17766666666666664, 0.09433333333333332, 0.09433333333333332], [0.8333333333333334, 0.0, 0.0, 0.0, 0.16666666666666666, 0.14068518518518516, 0.04716666666666666, 0.08883333333333332], [1.0, 0.0, 0.0, 0.0, 0.0, 0.18325, 0.07075, 0.07075], [1.0, 0.0, 0.0, 0.0, 0.0, 0.17766666666666664, 0.09433333333333332, 0.09433333333333332], [1.0, 0.0, 0.0, 0.0, 0.0, 0.17766666666666664, 0.09433333333333332, 0.09433333333333332]]	
('51', '302', '21307696', '43181993,3798883')	rank:9	pos:1	terms:3	frequency:2	score:1	aggr:[[1.0, 0.0, 0.0, 0.0, 0.0, 0.16840740740740742, 0.09433333333333332, 0.09433333333333332], [1.0, 0.0, 0.0, 0.0, 0.0, 0.16840740740740742, 0.09433333333333332, 0.09433333333333332], [1.0, 0.0, 0.0, 0.0, 0.0, 0.16840740740740742, 0.09433333333333332, 0.09433333333333332], [1.0, 0.0, 0.0, 0.0, 0.0, 0.16840740740740742, 0.09433333333333332, 0.09433333333333332], [1.0, 0.0, 0.0, 0.0, 0.0, 0.16840740740740742, 0.09433333333333332, 0.09433333333333332], [1.0, 0.0, 0.0, 0.0, 0.0, 0.16840740740740742, 0.09433333333333332, 0.09433333333333332], [1.0, 0.0, 0.0, 0.0, 0.0, 0.16840740740740742, 0.09433333333333332, 0.09433333333333332], [1.0, 0.0, 0.0, 0.0, 0.0, 0.16840740740740742, 0.09433333333333332, 0.09433333333333332]]	
('51', '302', '21307696', '29323027,2863497')	rank:10	pos:1	terms:3	frequency:2	score:1	aggr:[[0.9666666666666667, 0.0, 0.0, 0.0, 0.03333333333333333, 0.2266026455026455, 0.009433333333333332, 0.0161], [1.0, 0.0, 0.0, 0.0, 0.0, 0.18325, 0.07075, 0.07075], [1.0, 0.0, 0.0, 0.0, 0.0, 0.161, 0.09433333333333332, 0.09433333333333332], [1.0, 0.0, 0.0, 0.0, 0.0, 0.161, 0.09433333333333332, 0.09433333333333332], [0.9666666666666667, 0.0, 0.0, 0.0, 0.03333333333333333, 0.2266026455026455, 0.009433333333333332, 0.0161], [1.0, 0.0, 0.0, 0.0, 0.0, 0.18325, 0.07075, 0.07075], [1.0, 0.0, 0.0, 0.0, 0.0, 0.161, 0.09433333333333332, 0.09433333333333332], [1.0, 0.0, 0.0, 0.0, 0.0, 0.161, 0.09433333333333332, 0.09433333333333332]]	
('51', '303', '6379728', '36376778,3401753')	rank:1	pos:1	terms:3	frequency:0	score:1	aggr:[[0.9090909090909091, 0.0, 0.0, 0.0, 0.09090909090909091, 0.249969696969697, 0.025727272727272724, 0.11663636363636364], [1.0, 0.0, 0.0, 0.0, 0.0, 0.283, 0.283, 0.283], [1.0, 0.0, 0.0, 0.0, 0.0, 0.283, 0.283, 0.283], [1.0, 0.0, 0.0, 0.0, 0.0, 0.283, 0.283, 0.283], [0.9090909090909091, 0.0, 0.0, 0.0, 0.09090909090909091, 0.249969696969697, 0.025727272727272724, 0.11663636363636364], [1.0, 0.0, 0.0, 0.0, 0.0, 0.283, 0.283, 0.283], [1.0, 0.0, 0.0, 0.0, 0.0, 0.283, 0.283, 0.283], [1.0, 0.0, 0.0, 0.0, 0.0, 0.283, 0.283, 0.283]]	
('51', '303', '6379728', '69986960,5158606')	rank:2	pos:1	terms:3	frequency:0	score:1	aggr:[[0.6, 0.4, 0.0, 0.0, 0.0, 0.17326666666666662, 0.1566, 0.0566], [1.0, 0.0, 0.0, 0.0, 0.0, 0.283, 0.283, 0.283], [1.0, 0.0, 0.0, 0.0, 0.0, 0.283, 0.283, 0.283], [1.0, 0.0, 0.0, 0.0, 0.0, 0.283, 0.283, 0.283], [0.6, 0.4, 0.0, 0.0, 0.0, 0.17326666666666662, 0.1566, 0.0566], [1.0, 0.0, 0.0, 0.0, 0.0, 0.283, 0.283, 0.283], [1.0, 0.0, 0.0, 0.0, 0.0, 0.283, 0.283, 0.283], [1.0, 0.0, 0.0, 0.0, 0.0, 0.283, 0.283, 0.283]]	
('51', '303', '6379728', '38003438,3488664')	rank:3	pos:1	terms:3	frequency:0	score:1	aggr:[[1.0, 0.0, 0.0, 0.0, 0.0, 0.283, 0.283, 0.283], [1.0, 0.0, 0.0, 0.0, 0.0, 0.283, 0.283, 0.283], [1.0, 0.0, 0.0, 0.0, 0.0, 0.283, 0.283, 0.283], [1.0, 0.0, 0.0, 0.0, 0.0, 0.283, 0.283, 0.283], [1.0, 0.0, 0.0, 0.0, 0.0, 0.283, 0.283, 0.283], [1.0, 0.0, 0.0, 0.0, 0.0, 0.283, 0.283, 0.283], [1.0, 0.0, 0.0, 0.0, 0.0, 0.283, 0.283, 0.283], [1.0, 0.0, 0.0, 0.0, 0.0, 0.283, 0.283, 0.283]]	
('51', '303', '6379728', '52941192,4317704')	rank:4	pos:1	terms:3	frequency:0	score:1	aggr:[[1.0, 0.0, 0.0, 0.0, 0.0, 0.283, 0.283, 0.283], [1.0, 0.0, 0.0, 0.0, 0.0, 0.283, 0.283, 0.283], [1.0, 0.0, 0.0, 0.0, 0.0, 0.283, 0.283, 0.283], [1.0, 0.0, 0.0, 0.0, 0.0, 0.283, 0.283, 0.283], [1.0, 0.0, 0.0, 0.0, 0.0, 0.283, 0.283, 0.283], [1.0, 0.0, 0.0, 0.0, 0.0, 0.283, 0.283, 0.283], [1.0, 0.0, 0.0, 0.0, 0.0, 0.283, 0.283, 0.283], [1.0, 0.0, 0.0, 0.0, 0.0, 0.283, 0.283, 0.283]]	
('51', '303', '6379728', '51209301,4242837')	rank:5	pos:1	terms:3	frequency:0	score:1	aggr:[[1.0, 0.0, 0.0, 0.0, 0.0, 0.283, 0.283, 0.283], [1.0, 0.0, 0.0, 0.0, 0.0, 0.283, 0.283, 0.283], [1.0, 0.0, 0.0, 0.0, 0.0, 0.283, 0.283, 0.283], [1.0, 0.0, 0.0, 0.0, 0.0, 0.283, 0.283, 0.283], [1.0, 0.0, 0.0, 0.0, 0.0, 0.283, 0.283, 0.283], [1.0, 0.0, 0.0, 0.0, 0.0, 0.283, 0.283, 0.283], [1.0, 0.0, 0.0, 0.0, 0.0, 0.283, 0.283, 0.283], [1.0, 0.0, 0.0, 0.0, 0.0, 0.283, 0.283, 0.283]]	
('51', '303', '6379728', '12649194,1277735')	rank:6	pos:1	terms:3	frequency:0	score:1	aggr:[[1.0, 0.0, 0.0, 0.0, 0.0, 0.15245767195767193, 0.04716666666666666, 0.04716666666666666], [1.0, 0.0, 0.0, 0.0, 0.0, 0.283, 0.283, 0.283], [1.0, 0.0, 0.0, 0.0, 0.0, 0.283, 0.283, 0.283], [1.0, 0.0, 0.0, 0.0, 0.0, 0.283, 0.283, 0.283], [1.0, 0.0, 0.0, 0.0, 0.0, 0.15245767195767193, 0.04716666666666666, 0.04716666666666666], [1.0, 0.0, 0.0, 0.0, 0.0, 0.283, 0.283, 0.283], [1.0, 0.0, 0.0, 0.0, 0.0, 0.283, 0.283, 0.283], [1.0, 0.0, 0.0, 0.0, 0.0, 0.283, 0.283, 0.283]]	
('51', '303', '6379728', '66735297,5031769')	rank:7	pos:1	terms:3	frequency:0	score:1	aggr:[[1.0, 0.0, 0.0, 0.0, 0.0, 0.283, 0.283, 0.283], [1.0, 0.0, 0.0, 0.0, 0.0, 0.283, 0.283, 0.283], [1.0, 0.0, 0.0, 0.0, 0.0, 0.283, 0.283, 0.283], [1.0, 0.0, 0.0, 0.0, 0.0, 0.283, 0.283, 0.283], [1.0, 0.0, 0.0, 0.0, 0.0, 0.283, 0.283, 0.283], [1.0, 0.0, 0.0, 0.0, 0.0, 0.283, 0.283, 0.283], [1.0, 0.0, 0.0, 0.0, 0.0, 0.283, 0.283, 0.283], [1.0, 0.0, 0.0, 0.0, 0.0, 0.283, 0.283, 0.283]]	
('51', '303', '6379728', '38654123,3531487')	rank:8	pos:1	terms:3	frequency:0	score:1	aggr:[[0.6071428571428571, 0.17857142857142858, 0.0, 0.10714285714285714, 0.10714285714285714, 0.12243707482993196, 0.086, 0.10336111111111111], [1.0, 0.0, 0.0, 0.0, 0.0, 0.283, 0.283, 0.283], [1.0, 0.0, 0.0, 0.0, 0.0, 0.283, 0.283, 0.283], [1.0, 0.0, 0.0, 0.0, 0.0, 0.283, 0.283, 0.283], [0.6071428571428571, 0.17857142857142858, 0.0, 0.10714285714285714, 0.10714285714285714, 0.12243707482993196, 0.086, 0.10336111111111111], [1.0, 0.0, 0.0, 0.0, 0.0, 0.283, 0.283, 0.283], [1.0, 0.0, 0.0, 0.0, 0.0, 0.283, 0.283, 0.283], [1.0, 0.0, 0.0, 0.0, 0.0, 0.283, 0.283, 0.283]]	
('51', '303', '6379728', '65209506,4958818')	rank:9	pos:1	terms:3	frequency:0	score:1	aggr:[[0.7692307692307693, 0.15384615384615385, 0.0, 0.07692307692307693, 0.0, 0.17433333333333334, 0.07305128205128204, 0.034589743589743586], [1.0, 0.0, 0.0, 0.0, 0.0, 0.283, 0.283, 0.283], [1.0, 0.0, 0.0, 0.0, 0.0, 0.283, 0.283, 0.283], [1.0, 0.0, 0.0, 0.0, 0.0, 0.283, 0.283, 0.283], [0.7692307692307693, 0.15384615384615385, 0.0, 0.07692307692307693, 0.0, 0.17433333333333334, 0.07305128205128204, 0.034589743589743586], [1.0, 0.0, 0.0, 0.0, 0.0, 0.283, 0.283, 0.283], [1.0, 0.0, 0.0, 0.0, 0.0, 0.283, 0.283, 0.283], [1.0, 0.0, 0.0, 0.0, 0.0, 0.283, 0.283, 0.283]]	
('51', '303', '6379728', '16765624,1742559')	rank:10	pos:1	terms:3	frequency:0	score:1	aggr:[[0.5, 0.0, 0.0, 0.0, 0.5, 0.1415, 0.1415, 0.39149999999999996], [1.0, 0.0, 0.0, 0.0, 0.0, 0.283, 0.283, 0.283], [1.0, 0.0, 0.0, 0.0, 0.0, 0.283, 0.283, 0.283], [1.0, 0.0, 0.0, 0.0, 0.0, 0.283, 0.283, 0.283], [0.5, 0.0, 0.0, 0.0, 0.5, 0.1415, 0.1415, 0.39149999999999996], [1.0, 0.0, 0.0, 0.0, 0.0, 0.283, 0.283, 0.283], [1.0, 0.0, 0.0, 0.0, 0.0, 0.283, 0.283, 0.283], [1.0, 0.0, 0.0, 0.0, 0.0, 0.283, 0.283, 0.283]]	
('51', '303', '13045938', '16184765,1691699')	rank:1	pos:2	terms:2	frequency:0	score:5	aggr:[[1.0, 0.0, 0.0, 0.0, 0.0, 0.32766666666666666, 0.09433333333333332, 0.09433333333333332], [1.0, 0.0, 0.0, 0.0, 0.0, 0.283, 0.283, 0.283], [1.0, 0.0, 0.0, 0.0, 0.0, 0.283, 0.283, 0.283], [1.0, 0.0, 0.0, 0.0, 0.0, 0.283, 0.283, 0.283], [1.0, 0.0, 0.0, 0.0, 0.0, 0.32766666666666666, 0.09433333333333332, 0.09433333333333332], [1.0, 0.0, 0.0, 0.0, 0.0, 0.283, 0.283, 0.283], [1.0, 0.0, 0.0, 0.0, 0.0, 0.283, 0.283, 0.283], [1.0, 0.0, 0.0, 0.0, 0.0, 0.283, 0.283, 0.283]]	
('51', '303', '13045938', '1701981,250469')	rank:1	pos:3	terms:2	frequency:0	score:1	aggr:[[1.0, 0.0, 0.0, 0.0, 0.0, 0.283, 0.283, 0.283], [1.0, 0.0, 0.0, 0.0, 0.0, 0.283, 0.283, 0.283], [1.0, 0.0, 0.0, 0.0, 0.0, 0.283, 0.283, 0.283], [1.0, 0.0, 0.0, 0.0, 0.0, 0.283, 0.283, 0.283], [1.0, 0.0, 0.0, 0.0, 0.0, 0.283, 0.283, 0.283], [1.0, 0.0, 0.0, 0.0, 0.0, 0.283, 0.283, 0.283], [1.0, 0.0, 0.0, 0.0, 0.0, 0.283, 0.283, 0.283], [1.0, 0.0, 0.0, 0.0, 0.0, 0.283, 0.283, 0.283]]	
('51', '303', '13045938', '27700794,2700050')	rank:2	pos:3	terms:2	frequency:0	score:1	aggr:[[1.0, 0.0, 0.0, 0.0, 0.0, 0.283, 0.283, 0.283], [1.0, 0.0, 0.0, 0.0, 0.0, 0.283, 0.283, 0.283], [1.0, 0.0, 0.0, 0.0, 0.0, 0.283, 0.283, 0.283], [1.0, 0.0, 0.0, 0.0, 0.0, 0.283, 0.283, 0.283], [1.0, 0.0, 0.0, 0.0, 0.0, 0.283, 0.283, 0.283], [1.0, 0.0, 0.0, 0.0, 0.0, 0.283, 0.283, 0.283], [1.0, 0.0, 0.0, 0.0, 0.0, 0.283, 0.283, 0.283], [1.0, 0.0, 0.0, 0.0, 0.0, 0.283, 0.283, 0.283]]	
('51', '303', '13045938', '40565670,3626152')	rank:4	pos:3	terms:2	frequency:0	score:1	aggr:[[1.0, 0.0, 0.0, 0.0, 0.0, 0.283, 0.283, 0.283], [1.0, 0.0, 0.0, 0.0, 0.0, 0.283, 0.283, 0.283], [1.0, 0.0, 0.0, 0.0, 0.0, 0.283, 0.283, 0.283], [1.0, 0.0, 0.0, 0.0, 0.0, 0.283, 0.283, 0.283], [1.0, 0.0, 0.0, 0.0, 0.0, 0.283, 0.283, 0.283], [1.0, 0.0, 0.0, 0.0, 0.0, 0.283, 0.283, 0.283], [1.0, 0.0, 0.0, 0.0, 0.0, 0.283, 0.283, 0.283], [1.0, 0.0, 0.0, 0.0, 0.0, 0.283, 0.283, 0.283]]	
('51', '303', '13045938', '23683613,2369032')	rank:5	pos:3	terms:2	frequency:0	score:1	aggr:[[1.0, 0.0, 0.0, 0.0, 0.0, 0.17869387755102037, 0.040428571428571425, 0.040428571428571425], [1.0, 0.0, 0.0, 0.0, 0.0, 0.283, 0.283, 0.283], [1.0, 0.0, 0.0, 0.0, 0.0, 0.283, 0.283, 0.283], [1.0, 0.0, 0.0, 0.0, 0.0, 0.283, 0.283, 0.283], [1.0, 0.0, 0.0, 0.0, 0.0, 0.17869387755102037, 0.040428571428571425, 0.040428571428571425], [1.0, 0.0, 0.0, 0.0, 0.0, 0.283, 0.283, 0.283], [1.0, 0.0, 0.0, 0.0, 0.0, 0.283, 0.283, 0.283], [1.0, 0.0, 0.0, 0.0, 0.0, 0.283, 0.283, 0.283]]	
('51', '303', '13045938', '3355805,454713')	rank:6	pos:3	terms:2	frequency:0	score:1	aggr:[[1.0, 0.0, 0.0, 0.0, 0.0, 0.204, 0.1415, 0.1415], [1.0, 0.0, 0.0, 0.0, 0.0, 0.283, 0.283, 0.283], [1.0, 0.0, 0.0, 0.0, 0.0, 0.283, 0.283, 0.283], [1.0, 0.0, 0.0, 0.0, 0.0, 0.283, 0.283, 0.283], [1.0, 0.0, 0.0, 0.0, 0.0, 0.204, 0.1415, 0.1415], [1.0, 0.0, 0.0, 0.0, 0.0, 0.283, 0.283, 0.283], [1.0, 0.0, 0.0, 0.0, 0.0, 0.283, 0.283, 0.283], [1.0, 0.0, 0.0, 0.0, 0.0, 0.283, 0.283, 0.283]]	
('51', '303', '13045938', '53705232,4362348')	rank:7	pos:3	terms:2	frequency:0	score:1	aggr:[[1.0, 0.0, 0.0, 0.0, 0.0, 0.283, 0.283, 0.283], [1.0, 0.0, 0.0, 0.0, 0.0, 0.283, 0.283, 0.283], [1.0, 0.0, 0.0, 0.0, 0.0, 0.283, 0.283, 0.283], [1.0, 0.0, 0.0, 0.0, 0.0, 0.283, 0.283, 0.283], [1.0, 0.0, 0.0, 0.0, 0.0, 0.283, 0.283, 0.283], [1.0, 0.0, 0.0, 0.0, 0.0, 0.283, 0.283, 0.283], [1.0, 0.0, 0.0, 0.0, 0.0, 0.283, 0.283, 0.283], [1.0, 0.0, 0.0, 0.0, 0.0, 0.283, 0.283, 0.283]]	
('51', '303', '13045938', '53693057,4362027')	rank:8	pos:3	terms:2	frequency:0	score:1	aggr:[[1.0, 0.0, 0.0, 0.0, 0.0, 0.283, 0.283, 0.283], [1.0, 0.0, 0.0, 0.0, 0.0, 0.283, 0.283, 0.283], [1.0, 0.0, 0.0, 0.0, 0.0, 0.283, 0.283, 0.283], [1.0, 0.0, 0.0, 0.0, 0.0, 0.283, 0.283, 0.283], [1.0, 0.0, 0.0, 0.0, 0.0, 0.283, 0.283, 0.283], [1.0, 0.0, 0.0, 0.0, 0.0, 0.283, 0.283, 0.283], [1.0, 0.0, 0.0, 0.0, 0.0, 0.283, 0.283, 0.283], [1.0, 0.0, 0.0, 0.0, 0.0, 0.283, 0.283, 0.283]]	
('51', '303', '13045938', '10864751,1094535')	rank:9	pos:3	terms:2	frequency:0	score:1	aggr:[[0.4, 0.2, 0.0, 0.2, 0.2, 0.08517142857142856, 0.09659999999999999, 0.10993333333333333], [1.0, 0.0, 0.0, 0.0, 0.0, 0.283, 0.283, 0.283], [1.0, 0.0, 0.0, 0.0, 0.0, 0.283, 0.283, 0.283], [1.0, 0.0, 0.0, 0.0, 0.0, 0.283, 0.283, 0.283], [0.4, 0.2, 0.0, 0.2, 0.2, 0.08517142857142856, 0.09659999999999999, 0.10993333333333333], [1.0, 0.0, 0.0, 0.0, 0.0, 0.283, 0.283, 0.283], [1.0, 0.0, 0.0, 0.0, 0.0, 0.283, 0.283, 0.283], [1.0, 0.0, 0.0, 0.0, 0.0, 0.283, 0.283, 0.283]]	
('51', '303', '13045938', '17458003,1840850')	rank:10	pos:3	terms:2	frequency:0	score:1	aggr:[[1.0, 0.0, 0.0, 0.0, 0.0, 0.283, 0.283, 0.283], [1.0, 0.0, 0.0, 0.0, 0.0, 0.283, 0.283, 0.283], [1.0, 0.0, 0.0, 0.0, 0.0, 0.283, 0.283, 0.283], [1.0, 0.0, 0.0, 0.0, 0.0, 0.283, 0.283, 0.283], [1.0, 0.0, 0.0, 0.0, 0.0, 0.283, 0.283, 0.283], [1.0, 0.0, 0.0, 0.0, 0.0, 0.283, 0.283, 0.283], [1.0, 0.0, 0.0, 0.0, 0.0, 0.283, 0.283, 0.283], [1.0, 0.0, 0.0, 0.0, 0.0, 0.283, 0.283, 0.283]]	
('51', '303', '13045938', '16185125,1691699')	rank:3	pos:3	terms:2	frequency:0	score:1	aggr:[[1.0, 0.0, 0.0, 0.0, 0.0, 0.32766666666666666, 0.09433333333333332, 0.09433333333333332], [1.0, 0.0, 0.0, 0.0, 0.0, 0.283, 0.283, 0.283], [1.0, 0.0, 0.0, 0.0, 0.0, 0.283, 0.283, 0.283], [1.0, 0.0, 0.0, 0.0, 0.0, 0.283, 0.283, 0.283], [1.0, 0.0, 0.0, 0.0, 0.0, 0.32766666666666666, 0.09433333333333332, 0.09433333333333332], [1.0, 0.0, 0.0, 0.0, 0.0, 0.283, 0.283, 0.283], [1.0, 0.0, 0.0, 0.0, 0.0, 0.283, 0.283, 0.283], [1.0, 0.0, 0.0, 0.0, 0.0, 0.283, 0.283, 0.283]]	
('51', '303', '12321191', '4521096,599597')	rank:1	pos:5	terms:3	frequency:0	score:1	aggr:[[1.0, 0.0, 0.0, 0.0, 0.0, 0.283, 0.283, 0.283], [1.0, 0.0, 0.0, 0.0, 0.0, 0.283, 0.283, 0.283], [1.0, 0.0, 0.0, 0.0, 0.0, 0.283, 0.283, 0.283], [1.0, 0.0, 0.0, 0.0, 0.0, 0.283, 0.283, 0.283], [1.0, 0.0, 0.0, 0.0, 0.0, 0.283, 0.283, 0.283], [1.0, 0.0, 0.0, 0.0, 0.0, 0.283, 0.283, 0.283], [1.0, 0.0, 0.0, 0.0, 0.0, 0.283, 0.283, 0.283], [1.0, 0.0, 0.0, 0.0, 0.0, 0.283, 0.283, 0.283]]	
('51', '303', '12321191', '26142881,2597528')	rank:2	pos:5	terms:3	frequency:0	score:1	aggr:[[0.8227513227513228, 0.07539682539682539, 0.006613756613756613, 0.015873015873015872, 0.07936507936507936, 0.2853878810783567, 0.04387920970857478, 0.07144230284706476], [1.0, 0.0, 0.0, 0.0, 0.0, 0.283, 0.283, 0.283], [1.0, 0.0, 0.0, 0.0, 0.0, 0.283, 0.283, 0.283], [1.0, 0.0, 0.0, 0.0, 0.0, 0.283, 0.283, 0.283], [0.8227513227513228, 0.07539682539682539, 0.006613756613756613, 0.015873015873015872, 0.07936507936507936, 0.2853878810783567, 0.04387920970857478, 0.07144230284706476], [1.0, 0.0, 0.0, 0.0, 0.0, 0.283, 0.283, 0.283], [1.0, 0.0, 0.0, 0.0, 0.0, 0.283, 0.283, 0.283], [1.0, 0.0, 0.0, 0.0, 0.0, 0.283, 0.283, 0.283]]	
('51', '303', '12321191', '36869252,3422710')	rank:3	pos:5	terms:3	frequency:0	score:1	aggr:[[1.0, 0.0, 0.0, 0.0, 0.0, 0.283, 0.283, 0.283], [1.0, 0.0, 0.0, 0.0, 0.0, 0.283, 0.283, 0.283], [1.0, 0.0, 0.0, 0.0, 0.0, 0.283, 0.283, 0.283], [1.0, 0.0, 0.0, 0.0, 0.0, 0.283, 0.283, 0.283], [1.0, 0.0, 0.0, 0.0, 0.0, 0.283, 0.283, 0.283], [1.0, 0.0, 0.0, 0.0, 0.0, 0.283, 0.283, 0.283], [1.0, 0.0, 0.0, 0.0, 0.0, 0.283, 0.283, 0.283], [1.0, 0.0, 0.0, 0.0, 0.0, 0.283, 0.283, 0.283]]	
('51', '303', '12321191', '53500699,4358129')	rank:4	pos:5	terms:3	frequency:0	score:1	aggr:[[1.0, 0.0, 0.0, 0.0, 0.0, 0.283, 0.283, 0.283], [1.0, 0.0, 0.0, 0.0, 0.0, 0.283, 0.283, 0.283], [1.0, 0.0, 0.0, 0.0, 0.0, 0.283, 0.283, 0.283], [1.0, 0.0, 0.0, 0.0, 0.0, 0.283, 0.283, 0.283], [1.0, 0.0, 0.0, 0.0, 0.0, 0.283, 0.283, 0.283], [1.0, 0.0, 0.0, 0.0, 0.0, 0.283, 0.283, 0.283], [1.0, 0.0, 0.0, 0.0, 0.0, 0.283, 0.283, 0.283], [1.0, 0.0, 0.0, 0.0, 0.0, 0.283, 0.283, 0.283]]	
('51', '303', '12321191', '9010351,1050114')	rank:5	pos:5	terms:3	frequency:0	score:1	aggr:[[1.0, 0.0, 0.0, 0.0, 0.0, 0.283, 0.283, 0.283], [1.0, 0.0, 0.0, 0.0, 0.0, 0.283, 0.283, 0.283], [1.0, 0.0, 0.0, 0.0, 0.0, 0.283, 0.283, 0.283], [1.0, 0.0, 0.0, 0.0, 0.0, 0.283, 0.283, 0.283], [1.0, 0.0, 0.0, 0.0, 0.0, 0.283, 0.283, 0.283], [1.0, 0.0, 0.0, 0.0, 0.0, 0.283, 0.283, 0.283], [1.0, 0.0, 0.0, 0.0, 0.0, 0.283, 0.283, 0.283], [1.0, 0.0, 0.0, 0.0, 0.0, 0.283, 0.283, 0.283]]	
('51', '303', '12321191', '68248805,5119114')	rank:6	pos:5	terms:3	frequency:0	score:1	aggr:[[1.0, 0.0, 0.0, 0.0, 0.0, 0.1915, 0.1415, 0.1415], [1.0, 0.0, 0.0, 0.0, 0.0, 0.283, 0.283, 0.283], [1.0, 0.0, 0.0, 0.0, 0.0, 0.283, 0.283, 0.283], [1.0, 0.0, 0.0, 0.0, 0.0, 0.283, 0.283, 0.283], [1.0, 0.0, 0.0, 0.0, 0.0, 0.1915, 0.1415, 0.1415], [1.0, 0.0, 0.0, 0.0, 0.0, 0.283, 0.283, 0.283], [1.0, 0.0, 0.0, 0.0, 0.0, 0.283, 0.283, 0.283], [1.0, 0.0, 0.0, 0.0, 0.0, 0.283, 0.283, 0.283]]	
('51', '303', '12321191', '7310388,899693')	rank:7	pos:5	terms:3	frequency:0	score:1	aggr:[[1.0, 0.0, 0.0, 0.0, 0.0, 0.283, 0.283, 0.283], [1.0, 0.0, 0.0, 0.0, 0.0, 0.283, 0.283, 0.283], [1.0, 0.0, 0.0, 0.0, 0.0, 0.283, 0.283, 0.283], [1.0, 0.0, 0.0, 0.0, 0.0, 0.283, 0.283, 0.283], [1.0, 0.0, 0.0, 0.0, 0.0, 0.283, 0.283, 0.283], [1.0, 0.0, 0.0, 0.0, 0.0, 0.283, 0.283, 0.283], [1.0, 0.0, 0.0, 0.0, 0.0, 0.283, 0.283, 0.283], [1.0, 0.0, 0.0, 0.0, 0.0, 0.283, 0.283, 0.283]]	
('51', '303', '12321191', '61979986,4768721')	rank:8	pos:5	terms:3	frequency:0	score:1	aggr:[[1.0, 0.0, 0.0, 0.0, 0.0, 0.283, 0.283, 0.283], [1.0, 0.0, 0.0, 0.0, 0.0, 0.283, 0.283, 0.283], [1.0, 0.0, 0.0, 0.0, 0.0, 0.283, 0.283, 0.283], [1.0, 0.0, 0.0, 0.0, 0.0, 0.283, 0.283, 0.283], [1.0, 0.0, 0.0, 0.0, 0.0, 0.283, 0.283, 0.283], [1.0, 0.0, 0.0, 0.0, 0.0, 0.283, 0.283, 0.283], [1.0, 0.0, 0.0, 0.0, 0.0, 0.283, 0.283, 0.283], [1.0, 0.0, 0.0, 0.0, 0.0, 0.283, 0.283, 0.283]]	
('51', '303', '12321191', '63903386,4867908')	rank:9	pos:5	terms:3	frequency:0	score:1	aggr:[[1.0, 0.0, 0.0, 0.0, 0.0, 0.283, 0.283, 0.283], [1.0, 0.0, 0.0, 0.0, 0.0, 0.283, 0.283, 0.283], [1.0, 0.0, 0.0, 0.0, 0.0, 0.283, 0.283, 0.283], [1.0, 0.0, 0.0, 0.0, 0.0, 0.283, 0.283, 0.283], [1.0, 0.0, 0.0, 0.0, 0.0, 0.283, 0.283, 0.283], [1.0, 0.0, 0.0, 0.0, 0.0, 0.283, 0.283, 0.283], [1.0, 0.0, 0.0, 0.0, 0.0, 0.283, 0.283, 0.283], [1.0, 0.0, 0.0, 0.0, 0.0, 0.283, 0.283, 0.283]]	
('51', '303', '12321191', '44220114,3853775')	rank:10	pos:5	terms:3	frequency:0	score:1	aggr:[[1.0, 0.0, 0.0, 0.0, 0.0, 0.22483333333333333, 0.1415, 0.1415], [1.0, 0.0, 0.0, 0.0, 0.0, 0.283, 0.283, 0.283], [1.0, 0.0, 0.0, 0.0, 0.0, 0.283, 0.283, 0.283], [1.0, 0.0, 0.0, 0.0, 0.0, 0.283, 0.283, 0.283], [1.0, 0.0, 0.0, 0.0, 0.0, 0.22483333333333333, 0.1415, 0.1415], [1.0, 0.0, 0.0, 0.0, 0.0, 0.283, 0.283, 0.283], [1.0, 0.0, 0.0, 0.0, 0.0, 0.283, 0.283, 0.283], [1.0, 0.0, 0.0, 0.0, 0.0, 0.283, 0.283, 0.283]]	
('51', '303', '9688708', '9134211,1067357')	rank:1	pos:6	terms:3	frequency:0	score:5	aggr:[[1.0, 0.0, 0.0, 0.0, 0.0, 0.283, 0.283, 0.283], [1.0, 0.0, 0.0, 0.0, 0.0, 0.283, 0.283, 0.283], [1.0, 0.0, 0.0, 0.0, 0.0, 0.283, 0.283, 0.283], [1.0, 0.0, 0.0, 0.0, 0.0, 0.283, 0.283, 0.283], [1.0, 0.0, 0.0, 0.0, 0.0, 0.283, 0.283, 0.283], [1.0, 0.0, 0.0, 0.0, 0.0, 0.283, 0.283, 0.283], [1.0, 0.0, 0.0, 0.0, 0.0, 0.283, 0.283, 0.283], [1.0, 0.0, 0.0, 0.0, 0.0, 0.283, 0.283, 0.283]]	
('51', '303', '9688708', '25156922,2513192')	rank:2	pos:6	terms:3	frequency:0	score:1	aggr:[[1.0, 0.0, 0.0, 0.0, 0.0, 0.283, 0.283, 0.283], [1.0, 0.0, 0.0, 0.0, 0.0, 0.283, 0.283, 0.283], [1.0, 0.0, 0.0, 0.0, 0.0, 0.283, 0.283, 0.283], [1.0, 0.0, 0.0, 0.0, 0.0, 0.283, 0.283, 0.283], [1.0, 0.0, 0.0, 0.0, 0.0, 0.283, 0.283, 0.283], [1.0, 0.0, 0.0, 0.0, 0.0, 0.283, 0.283, 0.283], [1.0, 0.0, 0.0, 0.0, 0.0, 0.283, 0.283, 0.283], [1.0, 0.0, 0.0, 0.0, 0.0, 0.283, 0.283, 0.283]]	
('51', '303', '9688708', '4521094,599597')	rank:3	pos:6	terms:3	frequency:0	score:1	aggr:[[1.0, 0.0, 0.0, 0.0, 0.0, 0.283, 0.283, 0.283], [1.0, 0.0, 0.0, 0.0, 0.0, 0.283, 0.283, 0.283], [1.0, 0.0, 0.0, 0.0, 0.0, 0.283, 0.283, 0.283], [1.0, 0.0, 0.0, 0.0, 0.0, 0.283, 0.283, 0.283], [1.0, 0.0, 0.0, 0.0, 0.0, 0.283, 0.283, 0.283], [1.0, 0.0, 0.0, 0.0, 0.0, 0.283, 0.283, 0.283], [1.0, 0.0, 0.0, 0.0, 0.0, 0.283, 0.283, 0.283], [1.0, 0.0, 0.0, 0.0, 0.0, 0.283, 0.283, 0.283]]	
('51', '303', '9688708', '53470995,4357618')	rank:4	pos:6	terms:3	frequency:0	score:1	aggr:[[1.0, 0.0, 0.0, 0.0, 0.0, 0.18363888888888888, 0.035375, 0.035375], [1.0, 0.0, 0.0, 0.0, 0.0, 0.283, 0.283, 0.283], [1.0, 0.0, 0.0, 0.0, 0.0, 0.283, 0.283, 0.283], [1.0, 0.0, 0.0, 0.0, 0.0, 0.283, 0.283, 0.283], [1.0, 0.0, 0.0, 0.0, 0.0, 0.18363888888888888, 0.035375, 0.035375], [1.0, 0.0, 0.0, 0.0, 0.0, 0.283, 0.283, 0.283], [1.0, 0.0, 0.0, 0.0, 0.0, 0.283, 0.283, 0.283], [1.0, 0.0, 0.0, 0.0, 0.0, 0.283, 0.283, 0.283]]	
('51', '303', '9688708', '74650,13935')	rank:5	pos:6	terms:3	frequency:0	score:1	aggr:[[0.6666666666666666, 0.0, 0.0, 0.0, 0.3333333333333333, 0.14195238095238094, 0.09433333333333332, 0.14988888888888888], [1.0, 0.0, 0.0, 0.0, 0.0, 0.283, 0.283, 0.283], [1.0, 0.0, 0.0, 0.0, 0.0, 0.283, 0.283, 0.283], [1.0, 0.0, 0.0, 0.0, 0.0, 0.283, 0.283, 0.283], [0.6666666666666666, 0.0, 0.0, 0.0, 0.3333333333333333, 0.14195238095238094, 0.09433333333333332, 0.14988888888888888], [1.0, 0.0, 0.0, 0.0, 0.0, 0.283, 0.283, 0.283], [1.0, 0.0, 0.0, 0.0, 0.0, 0.283, 0.283, 0.283], [1.0, 0.0, 0.0, 0.0, 0.0, 0.283, 0.283, 0.283]]	
('51', '303', '9688708', '44219974,3853775')	rank:6	pos:6	terms:3	frequency:0	score:1	aggr:[[1.0, 0.0, 0.0, 0.0, 0.0, 0.22483333333333333, 0.1415, 0.1415], [1.0, 0.0, 0.0, 0.0, 0.0, 0.283, 0.283, 0.283], [1.0, 0.0, 0.0, 0.0, 0.0, 0.283, 0.283, 0.283], [1.0, 0.0, 0.0, 0.0, 0.0, 0.283, 0.283, 0.283], [1.0, 0.0, 0.0, 0.0, 0.0, 0.22483333333333333, 0.1415, 0.1415], [1.0, 0.0, 0.0, 0.0, 0.0, 0.283, 0.283, 0.283], [1.0, 0.0, 0.0, 0.0, 0.0, 0.283, 0.283, 0.283], [1.0, 0.0, 0.0, 0.0, 0.0, 0.283, 0.283, 0.283]]	
('51', '303', '9688708', '43627877,3823090')	rank:7	pos:6	terms:3	frequency:0	score:1	aggr:[[1.0, 0.0, 0.0, 0.0, 0.0, 0.22483333333333333, 0.1415, 0.1415], [1.0, 0.0, 0.0, 0.0, 0.0, 0.283, 0.283, 0.283], [1.0, 0.0, 0.0, 0.0, 0.0, 0.283, 0.283, 0.283], [1.0, 0.0, 0.0, 0.0, 0.0, 0.283, 0.283, 0.283], [1.0, 0.0, 0.0, 0.0, 0.0, 0.22483333333333333, 0.1415, 0.1415], [1.0, 0.0, 0.0, 0.0, 0.0, 0.283, 0.283, 0.283], [1.0, 0.0, 0.0, 0.0, 0.0, 0.283, 0.283, 0.283], [1.0, 0.0, 0.0, 0.0, 0.0, 0.283, 0.283, 0.283]]	
('51', '303', '9688708', '44219282,3853747')	rank:8	pos:6	terms:3	frequency:0	score:1	aggr:[[1.0, 0.0, 0.0, 0.0, 0.0, 0.283, 0.283, 0.283], [1.0, 0.0, 0.0, 0.0, 0.0, 0.283, 0.283, 0.283], [1.0, 0.0, 0.0, 0.0, 0.0, 0.283, 0.283, 0.283], [1.0, 0.0, 0.0, 0.0, 0.0, 0.283, 0.283, 0.283], [1.0, 0.0, 0.0, 0.0, 0.0, 0.283, 0.283, 0.283], [1.0, 0.0, 0.0, 0.0, 0.0, 0.283, 0.283, 0.283], [1.0, 0.0, 0.0, 0.0, 0.0, 0.283, 0.283, 0.283], [1.0, 0.0, 0.0, 0.0, 0.0, 0.283, 0.283, 0.283]]	
('51', '303', '9688708', '55895677,4454028')	rank:9	pos:6	terms:3	frequency:0	score:1	aggr:[[1.0, 0.0, 0.0, 0.0, 0.0, 0.1915, 0.1415, 0.1415], [1.0, 0.0, 0.0, 0.0, 0.0, 0.283, 0.283, 0.283], [1.0, 0.0, 0.0, 0.0, 0.0, 0.283, 0.283, 0.283], [1.0, 0.0, 0.0, 0.0, 0.0, 0.283, 0.283, 0.283], [1.0, 0.0, 0.0, 0.0, 0.0, 0.1915, 0.1415, 0.1415], [1.0, 0.0, 0.0, 0.0, 0.0, 0.283, 0.283, 0.283], [1.0, 0.0, 0.0, 0.0, 0.0, 0.283, 0.283, 0.283], [1.0, 0.0, 0.0, 0.0, 0.0, 0.283, 0.283, 0.283]]	
('51', '303', '9688708', '26419414,2597528')	rank:10	pos:6	terms:3	frequency:0	score:1	aggr:[[0.8227513227513228, 0.07539682539682539, 0.006613756613756613, 0.015873015873015872, 0.07936507936507936, 0.2853878810783567, 0.04387920970857478, 0.07144230284706476], [1.0, 0.0, 0.0, 0.0, 0.0, 0.283, 0.283, 0.283], [1.0, 0.0, 0.0, 0.0, 0.0, 0.283, 0.283, 0.283], [1.0, 0.0, 0.0, 0.0, 0.0, 0.283, 0.283, 0.283], [0.8227513227513228, 0.07539682539682539, 0.006613756613756613, 0.015873015873015872, 0.07936507936507936, 0.2853878810783567, 0.04387920970857478, 0.07144230284706476], [1.0, 0.0, 0.0, 0.0, 0.0, 0.283, 0.283, 0.283], [1.0, 0.0, 0.0, 0.0, 0.0, 0.283, 0.283, 0.283], [1.0, 0.0, 0.0, 0.0, 0.0, 0.283, 0.283, 0.283]]	
('51', '303', '9688725', '39461507,3566746')	rank:1	pos:7	terms:3	frequency:1	score:2	aggr:[[1.0, 0.0, 0.0, 0.0, 0.0, 0.6415, 0.1415, 0.1415], [1.0, 0.0, 0.0, 0.0, 0.0, 0.6415, 0.1415, 0.1415], [1.0, 0.0, 0.0, 0.0, 0.0, 0.6415, 0.1415, 0.1415], [1.0, 0.0, 0.0, 0.0, 0.0, 0.6415, 0.1415, 0.1415], [1.0, 0.0, 0.0, 0.0, 0.0, 0.6415, 0.1415, 0.1415], [1.0, 0.0, 0.0, 0.0, 0.0, 0.6415, 0.1415, 0.1415], [1.0, 0.0, 0.0, 0.0, 0.0, 0.6415, 0.1415, 0.1415], [1.0, 0.0, 0.0, 0.0, 0.0, 0.6415, 0.1415, 0.1415]]	
('51', '303', '9688725', '53474863,4357646')	rank:2	pos:7	terms:3	frequency:1	score:2	aggr:[[1.0, 0.0, 0.0, 0.0, 0.0, 0.39149999999999996, 0.1415, 0.1415], [1.0, 0.0, 0.0, 0.0, 0.0, 0.39149999999999996, 0.1415, 0.1415], [1.0, 0.0, 0.0, 0.0, 0.0, 0.39149999999999996, 0.1415, 0.1415], [1.0, 0.0, 0.0, 0.0, 0.0, 0.39149999999999996, 0.1415, 0.1415], [1.0, 0.0, 0.0, 0.0, 0.0, 0.39149999999999996, 0.1415, 0.1415], [1.0, 0.0, 0.0, 0.0, 0.0, 0.39149999999999996, 0.1415, 0.1415], [1.0, 0.0, 0.0, 0.0, 0.0, 0.39149999999999996, 0.1415, 0.1415], [1.0, 0.0, 0.0, 0.0, 0.0, 0.39149999999999996, 0.1415, 0.1415]]	
('51', '303', '9688725', '67964656,5099408')	rank:3	pos:7	terms:3	frequency:1	score:4	aggr:[[1.0, 0.0, 0.0, 0.0, 0.0, 0.25306349206349205, 0.09433333333333332, 0.09433333333333332], [1.0, 0.0, 0.0, 0.0, 0.0, 0.30816666666666664, 0.1415, 0.1415], [1.0, 0.0, 0.0, 0.0, 0.0, 0.30816666666666664, 0.1415, 0.1415], [1.0, 0.0, 0.0, 0.0, 0.0, 0.30816666666666664, 0.1415, 0.1415], [1.0, 0.0, 0.0, 0.0, 0.0, 0.25306349206349205, 0.09433333333333332, 0.09433333333333332], [1.0, 0.0, 0.0, 0.0, 0.0, 0.30816666666666664, 0.1415, 0.1415], [1.0, 0.0, 0.0, 0.0, 0.0, 0.30816666666666664, 0.1415, 0.1415], [1.0, 0.0, 0.0, 0.0, 0.0, 0.30816666666666664, 0.1415, 0.1415]]	
('51', '303', '9688725', '1388861,211559')	rank:4	pos:7	terms:3	frequency:1	score:4	aggr:[[1.0, 0.0, 0.0, 0.0, 0.0, 0.26649999999999996, 0.1415, 0.1415], [1.0, 0.0, 0.0, 0.0, 0.0, 0.26649999999999996, 0.1415, 0.1415], [1.0, 0.0, 0.0, 0.0, 0.0, 0.26649999999999996, 0.1415, 0.1415], [1.0, 0.0, 0.0, 0.0, 0.0, 0.26649999999999996, 0.1415, 0.1415], [1.0, 0.0, 0.0, 0.0, 0.0, 0.26649999999999996, 0.1415, 0.1415], [1.0, 0.0, 0.0, 0.0, 0.0, 0.26649999999999996, 0.1415, 0.1415], [1.0, 0.0, 0.0, 0.0, 0.0, 0.26649999999999996, 0.1415, 0.1415], [1.0, 0.0, 0.0, 0.0, 0.0, 0.26649999999999996, 0.1415, 0.1415]]	
('51', '303', '9688725', '26229681,2597528')	rank:5	pos:7	terms:3	frequency:1	score:2	aggr:[[0.8227513227513228, 0.07539682539682539, 0.006613756613756613, 0.015873015873015872, 0.07936507936507936, 0.2853878810783567, 0.04387920970857478, 0.07144230284706476], [1.0, 0.0, 0.0, 0.0, 0.0, 0.283, 0.283, 0.283], [1.0, 0.0, 0.0, 0.0, 0.0, 0.19705555555555554, 0.1415, 0.1415], [1.0, 0.0, 0.0, 0.0, 0.0, 0.283, 0.283, 0.283], [0.8227513227513228, 0.07539682539682539, 0.006613756613756613, 0.015873015873015872, 0.07936507936507936, 0.2853878810783567, 0.04387920970857478, 0.07144230284706476], [1.0, 0.0, 0.0, 0.0, 0.0, 0.283, 0.283, 0.283], [1.0, 0.0, 0.0, 0.0, 0.0, 0.19705555555555554, 0.1415, 0.1415], [1.0, 0.0, 0.0, 0.0, 0.0, 0.283, 0.283, 0.283]]	
('51', '303', '9688725', '43627748,3823090')	rank:6	pos:7	terms:3	frequency:1	score:2	aggr:[[1.0, 0.0, 0.0, 0.0, 0.0, 0.22483333333333333, 0.1415, 0.1415], [1.0, 0.0, 0.0, 0.0, 0.0, 0.22483333333333333, 0.1415, 0.1415], [1.0, 0.0, 0.0, 0.0, 0.0, 0.22483333333333333, 0.1415, 0.1415], [1.0, 0.0, 0.0, 0.0, 0.0, 0.22483333333333333, 0.1415, 0.1415], [1.0, 0.0, 0.0, 0.0, 0.0, 0.22483333333333333, 0.1415, 0.1415], [1.0, 0.0, 0.0, 0.0, 0.0, 0.22483333333333333, 0.1415, 0.1415], [1.0, 0.0, 0.0, 0.0, 0.0, 0.22483333333333333, 0.1415, 0.1415], [1.0, 0.0, 0.0, 0.0, 0.0, 0.22483333333333333, 0.1415, 0.1415]]	
('51', '303', '9688725', '15799191,1635362')	rank:7	pos:7	terms:3	frequency:1	score:5	aggr:[[0.8888888888888888, 0.0, 0.0, 0.0, 0.1111111111111111, 0.22985714285714284, 0.03144444444444444, 0.14255555555555555], [1.0, 0.0, 0.0, 0.0, 0.0, 0.2129285714285714, 0.1415, 0.1415], [1.0, 0.0, 0.0, 0.0, 0.0, 0.2129285714285714, 0.1415, 0.1415], [1.0, 0.0, 0.0, 0.0, 0.0, 0.2129285714285714, 0.1415, 0.1415], [0.8888888888888888, 0.0, 0.0, 0.0, 0.1111111111111111, 0.22985714285714284, 0.03144444444444444, 0.14255555555555555], [1.0, 0.0, 0.0, 0.0, 0.0, 0.2129285714285714, 0.1415, 0.1415], [1.0, 0.0, 0.0, 0.0, 0.0, 0.2129285714285714, 0.1415, 0.1415], [1.0, 0.0, 0.0, 0.0, 0.0, 0.2129285714285714, 0.1415, 0.1415]]	
('51', '303', '9688725', '1935406,289087')	rank:8	pos:7	terms:3	frequency:1	score:5	aggr:[[1.0, 0.0, 0.0, 0.0, 0.0, 0.204, 0.1415, 0.1415], [1.0, 0.0, 0.0, 0.0, 0.0, 0.204, 0.1415, 0.1415], [1.0, 0.0, 0.0, 0.0, 0.0, 0.204, 0.1415, 0.1415], [1.0, 0.0, 0.0, 0.0, 0.0, 0.204, 0.1415, 0.1415], [1.0, 0.0, 0.0, 0.0, 0.0, 0.204, 0.1415, 0.1415], [1.0, 0.0, 0.0, 0.0, 0.0, 0.204, 0.1415, 0.1415], [1.0, 0.0, 0.0, 0.0, 0.0, 0.204, 0.1415, 0.1415], [1.0, 0.0, 0.0, 0.0, 0.0, 0.204, 0.1415, 0.1415]]	
('51', '303', '9688725', '61057122,4715653')	rank:9	pos:7	terms:3	frequency:1	score:5	aggr:[[1.0, 0.0, 0.0, 0.0, 0.0, 0.1915, 0.1415, 0.1415], [1.0, 0.0, 0.0, 0.0, 0.0, 0.1915, 0.1415, 0.1415], [1.0, 0.0, 0.0, 0.0, 0.0, 0.1915, 0.1415, 0.1415], [1.0, 0.0, 0.0, 0.0, 0.0, 0.1915, 0.1415, 0.1415], [1.0, 0.0, 0.0, 0.0, 0.0, 0.1915, 0.1415, 0.1415], [1.0, 0.0, 0.0, 0.0, 0.0, 0.1915, 0.1415, 0.1415], [1.0, 0.0, 0.0, 0.0, 0.0, 0.1915, 0.1415, 0.1415], [1.0, 0.0, 0.0, 0.0, 0.0, 0.1915, 0.1415, 0.1415]]	
('51', '303', '9688725', '17746047,1878457')	rank:10	pos:7	terms:3	frequency:1	score:1	aggr:[[0.5555555555555556, 0.2222222222222222, 0.0, 0.1111111111111111, 0.1111111111111111, 0.09577425044091711, 0.25366666666666665, 0.25366666666666665], [1.0, 0.0, 0.0, 0.0, 0.0, 0.283, 0.283, 0.283], [1.0, 0.0, 0.0, 0.0, 0.0, 0.283, 0.283, 0.283], [1.0, 0.0, 0.0, 0.0, 0.0, 0.283, 0.283, 0.283], [0.5555555555555556, 0.2222222222222222, 0.0, 0.1111111111111111, 0.1111111111111111, 0.09577425044091711, 0.25366666666666665, 0.25366666666666665], [1.0, 0.0, 0.0, 0.0, 0.0, 0.283, 0.283, 0.283], [1.0, 0.0, 0.0, 0.0, 0.0, 0.283, 0.283, 0.283], [1.0, 0.0, 0.0, 0.0, 0.0, 0.283, 0.283, 0.283]]	
('51', '305', '9688725', '39461507,3566746')	rank:1	pos:1	terms:3	frequency:1	score:1	aggr:[[1.0, 0.0, 0.0, 0.0, 0.0, 0.6415, 0.1415, 0.1415], [1.0, 0.0, 0.0, 0.0, 0.0, 0.6415, 0.1415, 0.1415], [1.0, 0.0, 0.0, 0.0, 0.0, 0.6415, 0.1415, 0.1415], [1.0, 0.0, 0.0, 0.0, 0.0, 0.6415, 0.1415, 0.1415], [1.0, 0.0, 0.0, 0.0, 0.0, 0.6415, 0.1415, 0.1415], [1.0, 0.0, 0.0, 0.0, 0.0, 0.6415, 0.1415, 0.1415], [1.0, 0.0, 0.0, 0.0, 0.0, 0.6415, 0.1415, 0.1415], [1.0, 0.0, 0.0, 0.0, 0.0, 0.6415, 0.1415, 0.1415]]	
('51', '305', '9688725', '53474863,4357646')	rank:2	pos:1	terms:3	frequency:1	score:1	aggr:[[1.0, 0.0, 0.0, 0.0, 0.0, 0.39149999999999996, 0.1415, 0.1415], [1.0, 0.0, 0.0, 0.0, 0.0, 0.39149999999999996, 0.1415, 0.1415], [1.0, 0.0, 0.0, 0.0, 0.0, 0.39149999999999996, 0.1415, 0.1415], [1.0, 0.0, 0.0, 0.0, 0.0, 0.39149999999999996, 0.1415, 0.1415], [1.0, 0.0, 0.0, 0.0, 0.0, 0.39149999999999996, 0.1415, 0.1415], [1.0, 0.0, 0.0, 0.0, 0.0, 0.39149999999999996, 0.1415, 0.1415], [1.0, 0.0, 0.0, 0.0, 0.0, 0.39149999999999996, 0.1415, 0.1415], [1.0, 0.0, 0.0, 0.0, 0.0, 0.39149999999999996, 0.1415, 0.1415]]	
('51', '305', '9688725', '67964656,5099408')	rank:3	pos:1	terms:3	frequency:1	score:1	aggr:[[1.0, 0.0, 0.0, 0.0, 0.0, 0.25306349206349205, 0.09433333333333332, 0.09433333333333332], [1.0, 0.0, 0.0, 0.0, 0.0, 0.30816666666666664, 0.1415, 0.1415], [1.0, 0.0, 0.0, 0.0, 0.0, 0.30816666666666664, 0.1415, 0.1415], [1.0, 0.0, 0.0, 0.0, 0.0, 0.30816666666666664, 0.1415, 0.1415], [1.0, 0.0, 0.0, 0.0, 0.0, 0.25306349206349205, 0.09433333333333332, 0.09433333333333332], [1.0, 0.0, 0.0, 0.0, 0.0, 0.30816666666666664, 0.1415, 0.1415], [1.0, 0.0, 0.0, 0.0, 0.0, 0.30816666666666664, 0.1415, 0.1415], [1.0, 0.0, 0.0, 0.0, 0.0, 0.30816666666666664, 0.1415, 0.1415]]	
('51', '305', '9688725', '1388861,211559')	rank:4	pos:1	terms:3	frequency:1	score:1	aggr:[[1.0, 0.0, 0.0, 0.0, 0.0, 0.26649999999999996, 0.1415, 0.1415], [1.0, 0.0, 0.0, 0.0, 0.0, 0.26649999999999996, 0.1415, 0.1415], [1.0, 0.0, 0.0, 0.0, 0.0, 0.26649999999999996, 0.1415, 0.1415], [1.0, 0.0, 0.0, 0.0, 0.0, 0.26649999999999996, 0.1415, 0.1415], [1.0, 0.0, 0.0, 0.0, 0.0, 0.26649999999999996, 0.1415, 0.1415], [1.0, 0.0, 0.0, 0.0, 0.0, 0.26649999999999996, 0.1415, 0.1415], [1.0, 0.0, 0.0, 0.0, 0.0, 0.26649999999999996, 0.1415, 0.1415], [1.0, 0.0, 0.0, 0.0, 0.0, 0.26649999999999996, 0.1415, 0.1415]]	
('51', '305', '9688725', '54653045,4409937')	rank:5	pos:1	terms:3	frequency:1	score:1	aggr:[[1.0, 0.0, 0.0, 0.0, 0.0, 0.2415, 0.1415, 0.1415], [1.0, 0.0, 0.0, 0.0, 0.0, 0.2415, 0.1415, 0.1415], [1.0, 0.0, 0.0, 0.0, 0.0, 0.2415, 0.1415, 0.1415], [1.0, 0.0, 0.0, 0.0, 0.0, 0.2415, 0.1415, 0.1415], [1.0, 0.0, 0.0, 0.0, 0.0, 0.2415, 0.1415, 0.1415], [1.0, 0.0, 0.0, 0.0, 0.0, 0.2415, 0.1415, 0.1415], [1.0, 0.0, 0.0, 0.0, 0.0, 0.2415, 0.1415, 0.1415], [1.0, 0.0, 0.0, 0.0, 0.0, 0.2415, 0.1415, 0.1415]]	
('51', '305', '9688725', '43627748,3823090')	rank:6	pos:1	terms:3	frequency:1	score:1	aggr:[[1.0, 0.0, 0.0, 0.0, 0.0, 0.22483333333333333, 0.1415, 0.1415], [1.0, 0.0, 0.0, 0.0, 0.0, 0.22483333333333333, 0.1415, 0.1415], [1.0, 0.0, 0.0, 0.0, 0.0, 0.22483333333333333, 0.1415, 0.1415], [1.0, 0.0, 0.0, 0.0, 0.0, 0.22483333333333333, 0.1415, 0.1415], [1.0, 0.0, 0.0, 0.0, 0.0, 0.22483333333333333, 0.1415, 0.1415], [1.0, 0.0, 0.0, 0.0, 0.0, 0.22483333333333333, 0.1415, 0.1415], [1.0, 0.0, 0.0, 0.0, 0.0, 0.22483333333333333, 0.1415, 0.1415], [1.0, 0.0, 0.0, 0.0, 0.0, 0.22483333333333333, 0.1415, 0.1415]]	
('51', '305', '9688725', '15799191,1635362')	rank:7	pos:1	terms:3	frequency:1	score:1	aggr:[[0.8888888888888888, 0.0, 0.0, 0.0, 0.1111111111111111, 0.22985714285714284, 0.03144444444444444, 0.14255555555555555], [1.0, 0.0, 0.0, 0.0, 0.0, 0.2129285714285714, 0.1415, 0.1415], [1.0, 0.0, 0.0, 0.0, 0.0, 0.2129285714285714, 0.1415, 0.1415], [1.0, 0.0, 0.0, 0.0, 0.0, 0.2129285714285714, 0.1415, 0.1415], [0.8888888888888888, 0.0, 0.0, 0.0, 0.1111111111111111, 0.22985714285714284, 0.03144444444444444, 0.14255555555555555], [1.0, 0.0, 0.0, 0.0, 0.0, 0.2129285714285714, 0.1415, 0.1415], [1.0, 0.0, 0.0, 0.0, 0.0, 0.2129285714285714, 0.1415, 0.1415], [1.0, 0.0, 0.0, 0.0, 0.0, 0.2129285714285714, 0.1415, 0.1415]]	
('51', '305', '9688725', '1935406,289087')	rank:8	pos:1	terms:3	frequency:1	score:1	aggr:[[1.0, 0.0, 0.0, 0.0, 0.0, 0.204, 0.1415, 0.1415], [1.0, 0.0, 0.0, 0.0, 0.0, 0.204, 0.1415, 0.1415], [1.0, 0.0, 0.0, 0.0, 0.0, 0.204, 0.1415, 0.1415], [1.0, 0.0, 0.0, 0.0, 0.0, 0.204, 0.1415, 0.1415], [1.0, 0.0, 0.0, 0.0, 0.0, 0.204, 0.1415, 0.1415], [1.0, 0.0, 0.0, 0.0, 0.0, 0.204, 0.1415, 0.1415], [1.0, 0.0, 0.0, 0.0, 0.0, 0.204, 0.1415, 0.1415], [1.0, 0.0, 0.0, 0.0, 0.0, 0.204, 0.1415, 0.1415]]	
('51', '305', '9688725', '26099199,2597528')	rank:9	pos:1	terms:3	frequency:1	score:1	aggr:[[0.8227513227513228, 0.07539682539682539, 0.006613756613756613, 0.015873015873015872, 0.07936507936507936, 0.2853878810783567, 0.04387920970857478, 0.07144230284706476], [1.0, 0.0, 0.0, 0.0, 0.0, 0.19705555555555554, 0.1415, 0.1415], [1.0, 0.0, 0.0, 0.0, 0.0, 0.19705555555555554, 0.1415, 0.1415], [1.0, 0.0, 0.0, 0.0, 0.0, 0.19705555555555554, 0.1415, 0.1415], [0.8227513227513228, 0.07539682539682539, 0.006613756613756613, 0.015873015873015872, 0.07936507936507936, 0.2853878810783567, 0.04387920970857478, 0.07144230284706476], [1.0, 0.0, 0.0, 0.0, 0.0, 0.19705555555555554, 0.1415, 0.1415], [1.0, 0.0, 0.0, 0.0, 0.0, 0.19705555555555554, 0.1415, 0.1415], [1.0, 0.0, 0.0, 0.0, 0.0, 0.19705555555555554, 0.1415, 0.1415]]	
('51', '305', '9688725', '61057122,4715653')	rank:10	pos:1	terms:3	frequency:1	score:1	aggr:[[1.0, 0.0, 0.0, 0.0, 0.0, 0.1915, 0.1415, 0.1415], [1.0, 0.0, 0.0, 0.0, 0.0, 0.1915, 0.1415, 0.1415], [1.0, 0.0, 0.0, 0.0, 0.0, 0.1915, 0.1415, 0.1415], [1.0, 0.0, 0.0, 0.0, 0.0, 0.1915, 0.1415, 0.1415], [1.0, 0.0, 0.0, 0.0, 0.0, 0.1915, 0.1415, 0.1415], [1.0, 0.0, 0.0, 0.0, 0.0, 0.1915, 0.1415, 0.1415], [1.0, 0.0, 0.0, 0.0, 0.0, 0.1915, 0.1415, 0.1415], [1.0, 0.0, 0.0, 0.0, 0.0, 0.1915, 0.1415, 0.1415]]	
